1
 0.0971466
 -0.095752
-0.0862988
0.99994576 0.00489217 -0.00919527
-0.00448427 0.99902724 0.04386869
0.00940093 -0.04382508 0.99899499
0.03811607
2
 0.0802526
-0.0636939
-0.0829862
0.99997345 -0.00683626 0.00252329
0.00679479 0.99984738 0.01609490
-0.00263294 -0.01607733 0.99986728
0.04049646
3
 0.0707789
 -0.073377
-0.0811812
0.99988506 -0.00574593 0.01403055
0.00535041 0.99959175 0.02806613
-0.01418608 -0.02798783 0.99950760
0.02379030
4
 0.0712481
-0.0743185
-0.0808969
0.99993288 0.00160584 0.01147399
-0.00192777 0.99960322 0.02810153
-0.01142431 -0.02812176 0.99953922
0.03321968
5
 0.0689054
-0.0624091
-0.0800014
0.99988419 -0.00701983 0.01350312
0.00697573 0.99997019 0.00330994
-0.01352595 -0.00321537 0.99990335
0.03380938
6
 0.0671792
-0.0583918
-0.0786686
0.99985089 -0.00776263 0.01542513
0.00776262 0.99996987 0.00006063
-0.01542513 0.00005912 0.99988102
0.02815441
7
 0.0681713
-0.0735083
-0.0801624
0.99992581 0.00328425 0.01172987
-0.00385157 0.99880725 0.04867480
-0.01155602 -0.04871637 0.99874580
0.04292084
8
 0.0693608
-0.0728963
-0.0806304
0.99994791 0.00559893 0.00853442
-0.00588870 0.99939369 0.03431572
-0.00833712 -0.03436419 0.99937460
0.03322022
9
 0.0669924
-0.0761989
-0.0817741
0.99980557 0.00709801 0.01839662
-0.00786928 0.99907831 0.04219720
-0.01808015 -0.04233376 0.99893992
0.05265634
10
 0.0650423
-0.0666846
-0.0811793
0.99975921 -0.00131376 0.02190427
0.00139845 0.99999160 -0.00385174
-0.02189903 0.00388145 0.99975265
0.04032808
11
 0.0653977
-0.0658835
-0.0809216
0.99983970 -0.00269650 0.01770013
0.00262561 0.99998844 0.00402716
-0.01771078 -0.00398004 0.99983523
0.04437617
12
 0.0646473
-0.0637769
-0.0814177
0.99980225 -0.00181661 0.01980320
0.00180857 0.99999827 0.00042373
-0.01980393 -0.00038783 0.99980381
0.05843873
13
 0.0633727
-0.0707444
-0.0812308
0.99968419 0.00896358 0.02347724
-0.01001354 0.99893708 0.04499369
-0.02304898 -0.04521457 0.99871136
0.04193581
14
 0.0625442
-0.0606166
-0.0804917
0.99971741 -0.00719956 0.02265529
0.00771124 0.99971531 -0.02257974
-0.02248627 0.02274806 0.99948832
0.06525491
15
 0.0623813
-0.0618173
-0.0806534
0.99976749 -0.00257803 0.02140834
0.00252453 0.99999362 0.00252583
-0.02141471 -0.00247119 0.99976762
0.04007437
16
 0.0650466
-0.0677463
-0.0800337
0.99998290 0.00306188 0.00498229
-0.00329281 0.99888841 0.04702242
-0.00483277 -0.04703802 0.99888141
0.06051770
17
 0.0685357
-0.0655686
 -0.079635
0.99988358 -0.00856444 -0.01262858
0.00883293 0.99973282 0.02136029
0.01244227 -0.02146935 0.99969208
0.06494894
18
 0.0662218
-0.0689178
-0.0800136
0.99987011 -0.00546982 0.01516045
0.00481008 0.99905410 0.04321762
-0.01538250 -0.04313908 0.99895065
0.04190500
19
 0.0672209
 -0.066558
-0.0800544
0.99995414 -0.00656316 0.00697413
0.00646168 0.99987435 0.01447522
-0.00706826 -0.01442949 0.99987091
0.04732318
20
 0.0680766
-0.0621953
-0.0796692
0.99994388 -0.01016594 0.00298097
0.01021482 0.99980554 -0.01686837
-0.00280891 0.01689787 0.99985328
0.05624277
21
 0.0676991
-0.0657829
-0.0798767
0.99992631 -0.00661817 0.01017686
0.00632363 0.99956787 0.02870691
-0.01036245 -0.02864044 0.99953606
0.03276718
22
 0.0679735
-0.0676166
-0.0799328
0.99994720 -0.00312855 0.00978776
0.00273759 0.99920767 0.03970570
-0.00990423 -0.03967681 0.99916348
0.04146083
23
 0.0676837
-0.0643546
 -0.080202
0.99986256 -0.01023440 0.01304312
0.01023236 0.99994762 0.00022257
-0.01304472 -0.00008908 0.99991491
0.04952064
24
 0.0672597
-0.0637855
-0.0803141
0.99982311 -0.00945581 0.01625861
0.00941450 0.99995226 0.00261515
-0.01628256 -0.00246162 0.99986440
0.03378841
25
 0.0664089
-0.0593799
-0.0801357
0.99963195 -0.01568626 0.02213393
0.01639071 0.99935306 -0.03201246
-0.02161746 0.03236347 0.99924236
0.07954448
26
 0.0659284
-0.0602468
-0.0804124
0.99968492 -0.01020073 0.02293477
0.01022446 0.99994731 -0.00091741
-0.02292421 0.00115161 0.99973654
0.03102164
27
 0.0663443
-0.0569652
-0.0804494
0.99979349 -0.01506816 0.01363530
0.01543441 0.99951178 -0.02716590
-0.01321930 0.02737075 0.99953794
0.06717020
28
 0.0657592
-0.0601435
-0.0806556
0.99979883 -0.00265597 0.01988077
0.00213857 0.99965962 0.02600126
-0.01994306 -0.02595351 0.99946420
0.03949227
29
  0.065939
-0.0599977
-0.0808381
0.99988389 -0.00237813 0.01505141
0.00210874 0.99983776 0.01788869
-0.01509151 -0.01785487 0.99972669
0.03486063
30
 0.0650364
-0.0581517
-0.0808252
0.99970442 -0.00519400 0.02375068
0.00533371 0.99996882 -0.00582281
-0.02371970 0.00594777 0.99970096
0.04279703
31
  0.065608
-0.0564153
-0.0806029
0.99990795 -0.00548345 0.01241080
0.00569873 0.99983276 -0.01737742
-0.01231343 0.01744654 0.99977197
0.05688449
32
  0.065624
-0.0588586
-0.0805506
0.99991023 0.00257864 0.01314868
-0.00295300 0.99958851 0.02853222
-0.01306969 -0.02856848 0.99950639
0.02783639
33
 0.0658686
 -0.055726
-0.0802931
0.99993809 -0.00553757 0.00965126
0.00572502 0.99979338 -0.01950446
-0.00954126 0.01955850 0.99976319
0.05374567
34
 0.0661482
-0.0574862
-0.0803728
0.99995995 0.00257289 0.00857141
-0.00273942 0.99980661 0.01947380
-0.00851964 -0.01949650 0.99977363
0.03162523
35
 0.0654846
-0.0583484
-0.0804889
0.99981090 0.00350177 0.01912859
-0.00403083 0.99960844 0.02768959
-0.01902413 -0.02776146 0.99943353
0.03857099
36
 0.0646349
-0.0568622
-0.0803916
0.99958156 -0.01001426 0.02713716
0.01005814 0.99994832 -0.00148104
-0.02712093 0.00175337 0.99963062
0.04094494
37
 0.0648096
 -0.055625
-0.0802586
0.99982512 -0.00203660 0.01858994
0.00226369 0.99992298 -0.01220283
-0.01856366 0.01224277 0.99975272
0.04783574
38
 0.0641819
-0.0561114
-0.0803816
0.99963532 0.00541018 0.02645675
-0.00557646 0.99996514 0.00621500
-0.02642221 -0.00636027 0.99963064
0.03386342
39
 0.0630226
-0.0555635
-0.0802817
0.99932040 -0.00508453 0.03650875
0.00514837 0.99998538 -0.00165472
-0.03649980 0.00184156 0.99933196
0.05586818
40
 0.0633412
-0.0562648
-0.0802878
0.99975160 0.00044207 0.02228339
-0.00076178 0.99989687 0.01434097
-0.02227475 -0.01435439 0.99964883
0.03823753
41
 0.0629012
-0.0553453
-0.0804631
0.99966123 -0.00818441 0.02470690
0.00824178 0.99996357 -0.00222122
-0.02468782 0.00242409 0.99969227
0.04782010
42
 0.0631919
-0.0559658
-0.0804819
0.99986607 -0.00347165 0.01599371
0.00324227 0.99989184 0.01434539
-0.01604179 -0.01429161 0.99976918
0.03298281
43
 0.0634775
 -0.055844
-0.0803453
0.99993768 -0.00031493 0.01115994
0.00018221 0.99992927 0.01189196
-0.01116290 -0.01188918 0.99986701
0.04295485
44
 0.0636628
-0.0583563
-0.0802271
0.99987096 0.01281693 0.00968474
-0.01332944 0.99840550 0.05485236
-0.00896626 -0.05497437 0.99844751
0.05814896
45
 0.0635292
-0.0584801
-0.0802453
0.99988590 0.00340368 0.01471753
-0.00392517 0.99936016 0.03555096
-0.01458711 -0.03560467 0.99925949
0.03721531
46
 0.0637448
-0.0589734
-0.0802561
0.99993761 0.00149930 0.01106909
-0.00185734 0.99947303 0.03240690
-0.01101467 -0.03242544 0.99941346
0.04424711
47
 0.0634552
-0.0574765
-0.0802061
0.99982636 -0.00727522 0.01715550
0.00737145 0.99995741 -0.00555281
-0.01711437 0.00567831 0.99983741
0.03645826
48
 0.0630794
-0.0565827
-0.0801636
0.99972663 -0.00681831 0.02236458
0.00714105 0.99987106 -0.01438306
-0.02226363 0.01453883 0.99964641
0.03850267
49
 0.0635358
-0.0571813
-0.0803828
0.99993660 -0.00169888 0.01113161
0.00157936 0.99994111 0.01073706
-0.01114920 -0.01071880 0.99988039
0.04597454
50
  0.063564
-0.0583926
-0.0806163
0.99990971 0.00348426 0.01297819
-0.00394080 0.99936829 0.03531978
-0.01284692 -0.03536774 0.99929179
0.05120833
51
 0.0639761
-0.0597135
-0.0806492
0.99995634 0.00647538 0.00673653
-0.00680575 0.99871427 0.05023428
-0.00640259 -0.05027793 0.99871474
0.05969995
52
 0.0643182
-0.0571027
-0.0804811
0.99989691 -0.01364876 0.00445782
0.01374420 0.99966060 -0.02213098
-0.00415425 0.02218997 0.99974514
0.06879772
53
 0.0643507
-0.0560528
-0.0805342
0.99992563 -0.00331081 0.01173763
0.00361178 0.99966282 -0.02571368
-0.01164854 0.02575417 0.99960044
0.08432570
54
  0.064405
-0.0570663
-0.0807801
0.99989156 0.00641654 0.01325490
-0.00658569 0.99989693 0.01275779
-0.01317168 -0.01284370 0.99983076
0.03127386
55
 0.0644517
-0.0564734
 -0.080804
0.99991355 0.00121283 0.01309261
-0.00119391 0.99999823 -0.00145313
-0.01309435 0.00143737 0.99991323
0.03610603
56
 0.0652757
-0.0570078
-0.0807481
0.99999177 -0.00079599 -0.00397788
0.00086598 0.99984432 0.01762325
0.00396323 -0.01762655 0.99983679
0.05940227
57
 0.0660345
-0.0570417
-0.0806258
0.99992701 0.00147260 -0.01199225
-0.00128286 0.99987413 0.01581411
0.01201403 -0.01579757 0.99980303
0.05099665
58
 0.0656587
-0.0577643
-0.0806288
0.99997386 -0.00254969 0.00676595
0.00234656 0.99955125 0.02986289
-0.00683905 -0.02984623 0.99953111
0.03359559
59
 0.0649724
-0.0575598
-0.0807888
0.99967688 -0.00331474 0.02520232
0.00291106 0.99986715 0.01603773
-0.02525213 -0.01595918 0.99955372
0.04807873
60
 0.0651549
-0.0592053
-0.0808694
0.99985623 0.00492524 0.01622551
-0.00577743 0.99858305 0.05290100
-0.01594197 -0.05298713 0.99846794
0.05868648
61
 0.0648572
-0.0585862
-0.0810086
0.99976796 -0.00258287 0.02138607
0.00218317 0.99982291 0.01869201
-0.02143057 -0.01864098 0.99959654
0.04628268
62
 0.0642775
-0.0597491
-0.0809508
0.99944200 0.00763039 0.03251883
-0.00912226 0.99890078 0.04597850
-0.03213225 -0.04624949 0.99841299
0.04826725
63
 0.0645325
-0.0601702
-0.0811363
0.99981273 0.00504525 0.01868272
-0.00577308 0.99921821 0.03911055
-0.01847079 -0.03921108 0.99906022
0.05603709
64
 0.0641518
-0.0603175
-0.0812981
0.99968522 -0.00390366 0.02478366
0.00317551 0.99956409 0.02935205
-0.02488744 -0.02926411 0.99926184
0.04682511
65
 0.0649063
-0.0594598
-0.0813072
0.99995338 -0.00946984 0.00188420
0.00946783 0.99995460 0.00107592
-0.00189430 -0.00105803 0.99999765
0.05174494
66
 0.0651595
-0.0601939
-0.0813077
0.99999527 -0.00199980 0.00233845
0.00193674 0.99964253 0.02666576
-0.00239095 -0.02666110 0.99964167
0.04833807
67
 0.0655071
-0.0591551
-0.0811572
0.99998168 -0.00598824 -0.00088186
0.00598217 0.99995946 -0.00672943
0.00092213 0.00672403 0.99997697
0.05401468
68
 0.0651472
-0.0582855
-0.0811491
0.99984046 -0.00845399 0.01573513
0.00877809 0.99974837 -0.02064303
-0.01555666 0.02077786 0.99966308
0.05235880
69
 0.0650506
-0.0575076
-0.0812213
0.99977988 -0.01236334 0.01695129
0.01280376 0.99957671 -0.02612396
-0.01662114 0.02633525 0.99951498
0.06349399
70
 0.0654206
-0.0580724
-0.0812416
0.99997575 -0.00357789 0.00597504
0.00353253 0.99996500 0.00758358
-0.00600196 -0.00756229 0.99995339
0.03656615
71
 0.0653432
-0.0571268
-0.0811742
0.99984601 -0.01304349 0.01173991
0.01324258 0.99976705 -0.01704368
-0.01151487 0.01719652 0.99978582
0.04839442
72
 0.0651558
-0.0569932
-0.0812507
0.99982766 -0.00386884 0.01815712
0.00398611 0.99997140 -0.00642674
-0.01813173 0.00649801 0.99981449
0.03849401
73
 0.0654976
 -0.058028
-0.0812636
0.99996101 0.00451680 0.00758736
-0.00474949 0.99951011 0.03093510
-0.00744391 -0.03096993 0.99949260
0.04652579
74
 0.0653168
-0.0570821
 -0.081197
0.99987155 0.00053547 0.01601844
-0.00045789 0.99998815 -0.00484625
-0.01602085 0.00483829 0.99985995
0.04320553
75
 0.0656518
-0.0564952
-0.0811455
0.99996870 -0.00534143 0.00583661
0.00540948 0.99991685 -0.01170616
-0.00577360 0.01173737 0.99991445
0.06062921
76
 0.0656742
-0.0577625
 -0.081127
0.99993918 0.00299315 0.01061510
-0.00339465 0.99927162 0.03800919
-0.01049360 -0.03804292 0.99922101
0.04171668
77
 0.0654394
-0.0575462
-0.0811529
0.99983053 -0.00018252 0.01840867
-0.00016733 0.99981944 0.01900140
-0.01840882 -0.01900126 0.99964997
0.03747610
78
 0.0656166
-0.0586103
-0.0813173
0.99992687 0.00473980 0.01112648
-0.00525925 0.99887490 0.04713043
-0.01089058 -0.04718550 0.99882677
0.06501564
79
 0.0655301
-0.0571183
-0.0811229
0.99988261 -0.00757355 0.01331921
0.00780491 0.99981805 -0.01740563
-0.01318496 0.01750754 0.99975979
0.05058834
80
 0.0653486
-0.0566329
-0.0811266
0.99977785 -0.00961130 0.01875807
0.00996931 0.99976813 -0.01908646
-0.01857027 0.01926922 0.99964186
0.04657098
81
 0.0653138
-0.0564752
-0.0811017
0.99983894 -0.00190475 0.01784534
0.00206842 0.99995593 -0.00915798
-0.01782711 0.00919341 0.99979882
0.03698211
82
 0.0654277
-0.0575794
-0.0811066
0.99990246 0.00623069 0.01249972
-0.00668974 0.99929192 0.03702567
-0.01226017 -0.03710568 0.99923614
0.03910883
83
 0.0656335
-0.0573649
 -0.081139
0.99996864 0.00241059 0.00754387
-0.00255184 0.99982057 0.01877010
-0.00749727 -0.01878876 0.99979537
0.05721153
84
 0.0656123
 -0.057714
-0.0811431
0.99992007 0.00345445 0.01216265
-0.00378246 0.99962695 0.02704924
-0.01206468 -0.02709308 0.99956011
0.03825847
85
 0.0654412
-0.0577927
-0.0812036
0.99984461 0.00125728 0.01758328
-0.00165533 0.99974227 0.02264170
-0.01755028 -0.02266729 0.99958901
0.03185042
86
 0.0651644
-0.0570739
-0.0810722
0.99969422 0.00059888 0.02472078
-0.00045540 0.99998302 -0.00580913
-0.02472384 0.00579610 0.99967752
0.05385755
87
 0.0647239
-0.0556386
-0.0809581
0.99941828 -0.00744390 0.03328210
0.00898216 0.99888669 -0.04631098
-0.03290031 0.04658298 0.99837247
0.08555869
88
 0.0649288
-0.0560021
-0.0809748
0.99985278 0.00092390 0.01713377
-0.00080886 0.99997709 -0.00672023
-0.01713959 0.00670538 0.99983062
0.03751457
89
 0.0646211
-0.0550409
 -0.080985
0.99964676 -0.00819600 0.02528192
0.00897918 0.99947838 -0.03102165
-0.02501448 0.03123770 0.99919892
0.07416157
90
 0.0645163
-0.0552086
-0.0810812
0.99970735 -0.00423250 0.02381801
0.00431286 0.99998518 -0.00332336
-0.02380359 0.00342511 0.99971079
0.05162557
91
 0.0643771
-0.0546788
-0.0810532
0.99969138 -0.00861119 0.02330228
0.00899860 0.99982218 -0.01657210
-0.02315543 0.01677667 0.99959110
0.04229548
92
 0.0646027
-0.0537868
 -0.080923
0.99991665 -0.00688555 0.01092192
0.00727566 0.99932208 -0.03608950
-0.01066602 0.03616595 0.99928888
0.07362852
93
 0.0643929
-0.0534004
-0.0809369
0.99979898 -0.00514595 0.01937816
0.00570811 0.99956115 -0.02906751
-0.01922008 0.02917228 0.99938960
0.05160989
94
 0.0642117
-0.0532078
-0.0809706
0.99969777 -0.00816743 0.02318753
0.00859000 0.99979777 -0.01818318
-0.02303433 0.01837687 0.99956576
0.04513501
95
 0.0640063
-0.0527574
-0.0809911
0.99961752 -0.00855671 0.02629803
0.00915279 0.99970201 -0.02263010
-0.02609656 0.02286214 0.99939796
0.04703259
96
 0.0647801
-0.0544613
-0.0808408
0.99996957 -0.00321591 -0.00710700
0.00363530 0.99820330 0.05980773
0.00690190 -0.05983174 0.99818462
0.09477397
97
 0.0649186
-0.0536008
-0.0807367
0.99995975 -0.00868984 -0.00223393
0.00869672 0.99995740 0.00309212
0.00220697 -0.00311142 0.99999272
0.04351389
98
 0.0646617
-0.0537537
 -0.080815
0.99985875 -0.00766874 0.01495578
0.00749132 0.99990133 0.01188339
-0.01504543 -0.01176967 0.99981754
0.02665626
99
  0.064684
-0.0538919
-0.0809154
0.99989597 -0.00142865 0.01435314
0.00121469 0.99988818 0.01490505
-0.01437283 -0.01488606 0.99978589
0.03830878
100
 0.0643419
-0.0527804
-0.0808813
0.99959527 -0.01108559 0.02619918
0.01192546 0.99941282 -0.03212158
-0.02582771 0.03242102 0.99914053
0.06919060
