/camera1/color/image_raw
/camera2/color/image_raw
/camera3/color/image_raw
/camera4/color/image_raw
/velodyne_points

310.788330 0.000000 165.490015 0.000000
0.000000 310.421204 119.679840 0.000000
0.000000 0.000000 1.000000 0.000000

310.817841 0.000000 168.021493 0.000000
0.000000 312.545319 115.683340 0.000000
0.000000 0.000000 1.000000 0.000000

302.567963 0.000000 162.665959 0.000000
0.000000 302.167145 124.060880 0.000000
0.000000 0.000000 1.000000 0.000000

303.901917 0.000000 157.787640 0.000000
0.000000 304.216736 121.580538 0.000000
0.000000 0.000000 1.000000 0.000000

0.718493   -0.695488 -0.00798845  0.0543754
0.00973158   0.0215364   -0.999721  -0.0286391
0.695466    0.718215   0.0222419 -0.0739404
0 0 0 1

0.678062   0.734785  0.0179658  0.0503224
0.0386084 -0.0111973  -0.999192 -0.0382712
-0.73399   0.678207 -0.0359614 -0.0744093
0 0 0 1

-0.723187   0.690105  0.0274755 0.0532929
-0.0107868  0.0284911  -0.999536 -0.0352281
-0.690568  -0.723148 -0.0131604 -0.0740557
0 0 0 1

-0.688299  -0.725344  0.0110158  0.0643419
-0.0311459  0.0143772  -0.999411 -0.0527804
0.724758  -0.688237 -0.0324873 -0.0808813
0 0 0 1
