/camera1/color/image_raw
/camera2/color/image_raw
/camera3/color/image_raw
/camera4/color/image_raw
/velodyne_points

910.459778 0.000000 634.381993 0.000000
0.000000 922.532471 346.513158 0.000000
0.000000 0.000000 1.000000 0.000000

922.971985 0.000000 644.364675 0.000000
0.000000 931.393799 341.913248 0.000000
0.000000 0.000000 1.000000 0.000000

898.998535 0.000000 657.072394 0.000000
0.000000 909.839233 372.138870 0.000000
0.000000 0.000000 1.000000 0.000000

895.628967 0.000000 634.985609 0.000000
0.000000 905.944458 358.426449 0.000000
0.000000 0.000000 1.000000 0.000000

0.711569 -0.702614 -0.00191177 0.0613184
0.0261055 0.0291571 -0.999234 -0.0262296
0.702131 0.710974 0.0390893 -0.100931
0 0 0 1

0.656366 0.753943 0.0274438  0.0547978
0.0719658 -0.0263585 -0.997059 -0.0279318
-0.751002 0.656411 -0.071559 -0.0953824
0 0 0 1

-0.733108 0.679615 0.0260169 0.0451091
-0.00271754 0.0353263 -0.999372 -0.0277173
-0.680107 -0.732718 -0.0240511 -0.08826
0 0 0 1

-0.706534 -0.707496 0.0161154 0.0252956
-0.00197479 -0.0208011 -0.999782 -0.0294458
0.707676 -0.706412 0.0132995 -0.0936143
0 0 0 1
