1
 0.0593644
-0.0359235
-0.0848913
0.99966239 -0.01950453 0.01716618
0.01940629 0.99979444 0.00587107
-0.01727716 -0.00553595 0.99983541
0.02158406
2
 0.0507895
-0.0225528
-0.0874113
0.99954794 -0.01759400 0.02437956
0.01772038 0.99983059 -0.00497743
-0.02428786 0.00540720 0.99969038
0.02624512
3
  0.046513
-0.0201653
-0.0889138
0.99944530 -0.01564883 0.02939727
0.01587194 0.99984686 -0.00737162
-0.02927741 0.00783412 0.99954062
0.02751324
4
  0.0447807
-0.00547597
  -0.086959
0.99923678 -0.02399476 0.03082383
0.02496453 0.99919282 -0.03147196
-0.03004379 0.03221744 0.99902923
0.02312741
5
 0.0385768
-0.0176117
-0.0893045
0.99887597 -0.01796257 0.04386498
0.01789958 0.99983812 0.00182841
-0.04389072 -0.00104119 0.99903580
0.03664140
6
 0.0402559
 -0.024653
-0.0886389
0.99923587 -0.01810938 0.03463714
0.01759983 0.99973319 0.01495986
-0.03489881 -0.01433882 0.99928798
0.03092744
7
 0.0385924
-0.0115522
-0.0889394
0.99890349 -0.02677377 0.03840538
0.02805395 0.99905522 -0.03319101
-0.03748045 0.03423204 0.99871086
0.04667557
8
  0.040595
-0.0104949
-0.0886403
0.99917843 -0.02773366 0.02955176
0.02854057 0.99922135 -0.02724219
-0.02877323 0.02806323 0.99919195
0.03252671
9
 0.0427876
-0.0127211
-0.0882128
0.99953322 -0.02017700 0.02293980
0.02047574 0.99970760 -0.01286324
-0.02267355 0.01332694 0.99965409
0.02341947
10
  0.0425625
-0.00953783
 -0.0881846
0.99940626 -0.02120335 0.02715789
0.02191774 0.99941423 -0.02628320
-0.02658469 0.02686284 0.99928557
0.03225407
11
 0.0449021
-0.0151192
-0.0881627
0.99974443 -0.01087502 0.01981931
0.01077218 0.99992799 0.00528844
-0.01987540 -0.00507359 0.99978959
0.02809539
12
 0.0452787
-0.0287408
 -0.087716
0.99972057 -0.00591301 0.02288699
0.00437785 0.99777324 0.06655374
-0.02322956 -0.06643495 0.99752032
0.08310761
13
 0.0444847
-0.0238868
-0.0880495
0.99925118 -0.02519357 0.02936588
0.02500009 0.99966338 0.00693726
-0.02953077 -0.00619792 0.99954466
0.03940887
14
 0.0455125
-0.0266054
-0.0880952
0.99957203 -0.01751304 0.02343173
0.01710058 0.99969730 0.01768853
-0.02373442 -0.01728026 0.99956894
0.03207089
15
 0.0440984
-0.0231917
-0.0879184
0.99911965 -0.02316620 0.03497515
0.02361535 0.99964317 -0.01248374
-0.03467347 0.01329870 0.99931021
0.02789695
16
 0.0452866
-0.0264233
-0.0877837
0.99955142 -0.01680683 0.02478899
0.01647041 0.99977031 0.01371356
-0.02501378 -0.01329912 0.99959864
0.02685012
17
 0.0435633
-0.0167266
-0.0867256
0.99882335 -0.02803989 0.03956861
0.03051242 0.99752589 -0.06333325
-0.03769485 0.06446606 0.99720771
0.08204663
18
 0.0427108
-0.0193806
-0.0870237
0.99893269 -0.02129609 0.04098722
0.02196241 0.99963274 -0.01587567
-0.04063407 0.01675890 0.99903354
0.02722166
19
 0.0423157
-0.0241497
-0.0875089
0.99906744 -0.01580772 0.04017907
0.01470817 0.99951315 0.02751602
-0.04059448 -0.02689940 0.99881355
0.05131382
20
 0.0423571
-0.0250451
-0.0877372
0.99926597 -0.01528287 0.03512770
0.01458203 0.99969120 0.02012160
-0.03542436 -0.01959460 0.99918025
0.03428249
21
 0.0434739
-0.0244478
-0.0875817
0.99957968 -0.01672004 0.02368359
0.01664372 0.99985565 0.00341602
-0.02373729 -0.00302040 0.99971367
0.02680454
22
 0.0437035
 -0.024464
-0.0876154
0.99954689 -0.01679032 0.02498198
0.01678958 0.99985902 0.00023954
-0.02498248 0.00018000 0.99968787
0.02775746
23
 0.0437065
-0.0220472
-0.0876288
0.99933581 -0.02370409 0.02767757
0.02439420 0.99939306 -0.02486821
-0.02707129 0.02552686 0.99930752
0.03104905
24
  0.044583
-0.0221578
-0.0875197
0.99957773 -0.02058796 0.02050623
0.02087367 0.99968663 -0.01381779
-0.02021533 0.01424000 0.99969423
0.02974620
25
 0.0438625
-0.0225813
-0.0879499
0.99935619 -0.01385420 0.03309477
0.01403426 0.99988792 -0.00521474
-0.03301882 0.00567584 0.99943861
0.03156305
26
 0.0437394
-0.0237865
-0.0879642
0.99936942 -0.01370940 0.03275382
0.01343539 0.99987300 0.00857144
-0.03286717 -0.00812597 0.99942669
0.02082168
27
 0.0440602
-0.0229372
-0.0879669
0.99946986 -0.01699389 0.02777073
0.01718158 0.99983103 -0.00653414
-0.02765500 0.00700782 0.99959296
0.03696261
28
  0.044025
-0.0241411
-0.0879553
0.99949620 -0.01266211 0.02910370
0.01241914 0.99988663 0.00851386
-0.02920821 -0.00814813 0.99954014
0.02152983
29
 0.0446909
-0.0222019
-0.0879454
0.99940664 -0.02729636 0.02100637
0.02777096 0.99935782 -0.02264318
-0.02037481 0.02321311 0.99952290
0.05219474
30
 0.0459002
-0.0204145
-0.0878372
0.99933877 -0.03490019 0.01019761
0.03523823 0.99876236 -0.03510014
-0.00895999 0.03543628 0.99933177
0.04856274
31
 0.0458104
-0.0190658
 -0.087973
0.99927790 -0.03235295 0.01992403
0.03311157 0.99869038 -0.03900193
-0.01863611 0.03963348 0.99904048
0.05647338
32
 0.0458055
-0.0178313
-0.0881126
0.99897507 -0.03814161 0.02437285
0.03908998 0.99844682 -0.03969778
-0.02282086 0.04060982 0.99891444
0.04503079
33
  0.045577
 -0.018378
-0.0880957
0.99917925 -0.02820287 0.02907629
0.02867433 0.99946191 -0.01592719
-0.02861145 0.01674786 0.99945030
0.02189797
34
 0.0457044
-0.0181607
-0.0879049
0.99944905 -0.02029557 0.02626199
0.02071833 0.99965848 -0.01592739
-0.02592977 0.01646272 0.99952820
0.03128279
35
 0.0461905
-0.0189483
-0.0878167
0.99962051 -0.01836136 0.02053530
0.01838211 0.99983070 -0.00082183
-0.02051673 0.00119900 0.99978879
0.02516719
36
 0.0459701
-0.0168136
-0.0877251
0.99933988 -0.02297327 0.02814312
0.02400618 0.99902943 -0.03693107
-0.02726738 0.03758230 0.99892145
0.04329102
37
 0.0462404
-0.0163486
-0.0876859
0.99940821 -0.02473539 0.02390384
0.02545028 0.99922343 -0.03008038
-0.02314123 0.03067094 0.99926162
0.03348757
38
 0.0460816
-0.0152047
-0.0877014
0.99929814 -0.02479409 0.02807979
0.02587150 0.99891668 -0.03867981
-0.02709034 0.03937913 0.99885705
0.03955673
39
  0.045222
-0.0157883
-0.0878691
0.99881214 -0.02344606 0.04271517
0.02403782 0.99962133 -0.01339307
-0.04238498 0.01440394 0.99899752
0.02991766
40
 0.0449444
-0.0178754
-0.0879771
0.99899698 -0.01438959 0.04240243
0.01334895 0.99960519 0.02472393
-0.04274146 -0.02413310 0.99879465
0.04373628
41
 0.0445431
-0.0177958
-0.0880056
0.99897064 -0.01607897 0.04241604
0.01579585 0.99985072 0.00700161
-0.04252228 -0.00632440 0.99907550
0.03435826
42
 0.0448032
-0.0174081
-0.0879416
0.99932473 -0.01906089 0.03141299
0.01929204 0.99978888 -0.00707205
-0.03127156 0.00767329 0.99948147
0.01860563
43
 0.0449911
-0.0173687
-0.0878603
0.99922641 -0.02904179 0.02651726
0.02924055 0.99954691 -0.00713877
-0.02629792 0.00790863 0.99962287
0.02380097
44
 0.0449255
-0.0177777
-0.0880232
0.99937266 -0.02001937 0.02921486
0.02003773 0.99979917 -0.00033583
-0.02920227 0.00092101 0.99957310
0.02903959
45
 0.0443627
-0.0162825
-0.0880409
0.99880578 -0.02954338 0.03891267
0.03080193 0.99900830 -0.03215065
-0.03792424 0.03331084 0.99872526
0.05058127
46
 0.0438092
-0.0161442
-0.0879509
0.99868688 -0.02591218 0.04419370
0.02694906 0.99937149 -0.02302988
-0.04356917 0.02419062 0.99875750
0.03134922
47
  0.043663
-0.0164486
-0.0881247
0.99892428 -0.02471599 0.03923524
0.02509721 0.99964219 -0.00925350
-0.03899249 0.01022824 0.99918715
0.03769408
48
 0.0435224
-0.0155085
-0.0879702
0.99900099 -0.02480282 0.03717307
0.02582590 0.99929364 -0.02729930
-0.03646972 0.02823205 0.99893589
0.03045217
49
  0.043833
 -0.015562
-0.0879106
0.99945096 -0.01881986 0.02726901
0.01929739 0.99966314 -0.01735578
-0.02693319 0.01787247 0.99947745
0.02828717
50
  0.043803
-0.0163933
-0.0879155
0.99936456 -0.01944677 0.02987133
0.01934622 0.99980618 0.00365156
-0.02993655 -0.00307134 0.99954708
0.02550260
51
 0.0442635
 -0.016849
-0.0878445
0.99966102 -0.01704827 0.01967739
0.01692391 0.99983585 0.00646907
-0.01978445 -0.00613385 0.99978545
0.02922293
52
 0.0439391
-0.0171224
-0.0879158
0.99940360 -0.01336256 0.03184162
0.01321072 0.99990036 0.00497417
-0.03190492 -0.00455056 0.99948055
0.02666474
53
 0.0438867
 -0.017857
-0.0877972
0.99939702 -0.01325762 0.03209085
0.01280238 0.99981507 0.01435019
-0.03227516 -0.01393070 0.99938193
0.03135424
54
 0.0439186
-0.0179958
-0.0877281
0.99947004 -0.01173654 0.03036270
0.01158674 0.99991984 0.00510493
-0.03042018 -0.00475042 0.99952591
0.02877073
55
 0.0437394
-0.0169197
-0.0877389
0.99925414 -0.01821825 0.03404789
0.01916023 0.99943684 -0.02754795
-0.03352684 0.02817977 0.99904047
0.04725732
56
 0.0436488
-0.0173198
-0.0877302
0.99926950 -0.01906669 0.03311989
0.01932294 0.99978566 -0.00743411
-0.03297105 0.00806866 0.99942374
0.02915332
57
 0.0436331
-0.0182253
-0.0877093
0.99929585 -0.01979152 0.03187637
0.01934436 0.99971095 0.01427594
-0.03214970 -0.01364926 0.99938986
0.03067737
58
 0.0437599
 -0.018903
-0.0877308
0.99946083 -0.01705717 0.02805548
0.01650548 0.99966811 0.01977969
-0.02838355 -0.01930596 0.99941065
0.03938739
59
 0.0437522
-0.0202132
-0.0877629
0.99947223 -0.01288622 0.02981962
0.01172913 0.99918367 0.03865778
-0.03029343 -0.03828762 0.99880747
0.05708733
60
 0.0440954
-0.0203766
-0.0877825
0.99966738 -0.01368560 0.02185954
0.01326075 0.99972263 0.01946339
-0.02211985 -0.01916704 0.99957158
0.04194895
61
 0.0440493
 -0.019428
-0.0877902
0.99944374 -0.01872615 0.02759596
0.01922213 0.99965644 -0.01781880
-0.02725280 0.01833934 0.99946033
0.03533341
62
 0.0442254
 -0.020465
-0.0878659
0.99945916 -0.01967214 0.02635149
0.01926869 0.99969453 0.01547770
-0.02664792 -0.01496157 0.99953291
0.03771571
63
 0.0445354
 -0.021739
-0.0878221
0.99968818 -0.01438585 0.02041062
0.01359761 0.99917585 0.03824554
-0.02094399 -0.03795607 0.99905990
0.05734606
64
  0.044045
-0.0225764
-0.0879543
0.99912793 -0.01522023 0.03888097
0.01362197 0.99906440 0.04104588
-0.03946932 -0.04048045 0.99840047
0.05710458
65
 0.0444069
-0.0228901
 -0.087905
0.99955263 -0.01722541 0.02445044
0.01656220 0.99949625 0.02707273
-0.02490447 -0.02665566 0.99933440
0.04039813
66
 0.0439913
-0.0231133
-0.0879702
0.99917642 -0.01578712 0.03737974
0.01512783 0.99972613 0.01785526
-0.03765139 -0.01727508 0.99914160
0.03938208
67
 0.0437125
-0.0219766
-0.0879454
0.99878629 -0.02678562 0.04133375
0.02786735 0.99927810 -0.02582025
-0.04061230 0.02694077 0.99881171
0.04235555
68
  0.044071
-0.0214723
-0.0878185
0.99931044 -0.02761036 0.02482553
0.02832097 0.99918555 -0.02874315
-0.02401171 0.02942642 0.99927850
0.04553395
69
 0.0443828
-0.0216202
-0.0879677
0.99952677 -0.02332962 0.02004890
0.02359877 0.99963311 -0.01329485
-0.01973138 0.01376169 0.99971060
0.04282915
70
 0.0447124
-0.0206985
-0.0878509
0.99959425 -0.02379339 0.01565913
0.02435388 0.99903199 -0.03663287
-0.01477235 0.03699937 0.99920610
0.04911513
71
 0.0444819
-0.0196041
-0.0877911
0.99919368 -0.02798803 0.02878640
0.02952279 0.99808541 -0.05434993
-0.02721013 0.05515596 0.99810692
0.06421173
72
 0.0446941
 -0.019893
-0.0879063
0.99920781 -0.03148465 0.02434071
0.03202202 0.99924476 -0.02201153
-0.02362930 0.02277354 0.99946137
0.02866994
73
 0.0444788
-0.0204076
-0.0879997
0.99905537 -0.02652348 0.03442194
0.02642358 0.99964521 0.00335405
-0.03449869 -0.00244133 0.99940176
0.02241006
74
 0.0442978
-0.0203471
-0.0880225
0.99903598 -0.02441957 0.03648001
0.02454221 0.99969454 -0.00291776
-0.03639762 0.00381025 0.99933012
0.03367130
75
 0.0441924
-0.0206882
-0.0880159
0.99918500 -0.01796889 0.03614484
0.01774441 0.99982129 0.00652176
-0.03625556 -0.00587508 0.99932528
0.02723873
76
 0.0443832
-0.0220107
-0.0880359
0.99956501 -0.00985589 0.02779678
0.00867653 0.99907008 0.04223377
-0.02818718 -0.04197422 0.99872101
0.05997122
77
 0.0442338
-0.0226315
-0.0879957
0.99938981 -0.01310609 0.03237655
0.01183848 0.99916759 0.03903820
-0.03286124 -0.03863109 0.99871306
0.05441817
78
  0.044618
-0.0236739
-0.0880101
0.99975280 -0.00020003 0.02223285
-0.00093303 0.99870124 0.05094086
-0.02221417 -0.05094901 0.99845417
0.07295190
79
 0.0449447
-0.0234241
-0.0880673
0.99977905 -0.01423634 0.01546509
0.01398498 0.99977028 0.01624191
-0.01569276 -0.01602204 0.99974848
0.03970879
80
 0.0449285
-0.0235637
-0.0880583
0.99957913 -0.01895696 0.02195904
0.01869930 0.99975457 0.01188000
-0.02217886 -0.01146438 0.99968828
0.02711753
81
 0.0449408
-0.0242884
-0.0880347
0.99960891 -0.01296078 0.02477981
0.01225133 0.99951669 0.02857093
-0.02513813 -0.02825617 0.99928458
0.04173577
82
 0.0455799
-0.0251137
-0.0880126
0.99993358 -0.00869397 0.00756648
0.00838202 0.99915142 0.04032586
-0.00791065 -0.04025976 0.99915793
0.07635135
83
 0.0455752
-0.0262992
-0.0880136
0.99977248 -0.00791388 0.01980798
0.00668938 0.99810684 0.06113910
-0.02025432 -0.06099269 0.99793269
0.07645046
84
 0.0455517
-0.0266305
 -0.088066
0.99961973 -0.01109234 0.02524606
0.01002475 0.99906615 0.04202777
-0.02568867 -0.04175870 0.99879743
0.05348089
85
 0.0455527
 -0.027259
-0.0881183
0.99959568 -0.01030374 0.02650130
0.00916507 0.99904441 0.04273477
-0.02691631 -0.04247461 0.99873491
0.05624180
86
 0.0456529
-0.0263713
-0.0881297
0.99946919 -0.02176999 0.02423637
0.02202249 0.99970543 -0.01020073
-0.02400716 0.01072906 0.99965421
0.04062164
87
 0.0457817
-0.0264416
-0.0881166
0.99952937 -0.02206909 0.02130712
0.02211119 0.99975400 -0.00174219
-0.02126343 0.00221249 0.99977146
0.02699900
88
 0.0455917
-0.0260946
-0.0881591
0.99927581 -0.02093406 0.03177466
0.02138296 0.99967537 -0.01385390
-0.03147432 0.01452331 0.99939904
0.03266659
89
   0.04533
-0.0259014
-0.0881682
0.99899488 -0.02247843 0.03878087
0.02306698 0.99962442 -0.01479612
-0.03843372 0.01567581 0.99913819
0.02737679
90
 0.0453421
-0.0270799
-0.0881966
0.99924872 -0.01770646 0.03447421
0.01643050 0.99918204 0.03694995
-0.03510027 -0.03635576 0.99872230
0.05724433
91
 0.0451992
-0.0276635
-0.0882495
0.99923720 -0.01177892 0.03723284
0.01026667 0.99912478 0.04054960
-0.03767788 -0.04013642 0.99848357
0.05287593
92
 0.0452059
-0.0273947
-0.0882446
0.99927393 -0.01888822 0.03308846
0.01856673 0.99977765 0.00999662
-0.03326992 -0.00937501 0.99940243
0.02512282
93
 0.0451567
  -0.02736
-0.0881934
0.99930019 -0.01859268 0.03245679
0.01846074 0.99982008 0.00436008
-0.03253201 -0.00375785 0.99946363
0.01819337
94
 0.0449605
 -0.026814
-0.0881746
0.99893748 -0.02598086 0.03806461
0.02669848 0.99947294 -0.01846701
-0.03756476 0.01946366 0.99910463
0.03287843
95
 0.0452522
 -0.027718
-0.0881399
0.99964192 -0.01651071 0.02105760
0.01592740 0.99949286 0.02757426
-0.02150219 -0.02722899 0.99939794
0.04740262
96
 0.0453149
-0.0280275
-0.0881669
0.99958618 -0.01698998 0.02321244
0.01638913 0.99953188 0.02583441
-0.02364050 -0.02544329 0.99939670
0.04115088
97
 0.0453797
-0.0281793
-0.0881531
0.99958167 -0.01744410 0.02306922
0.01699533 0.99966524 0.01950837
-0.02340181 -0.01910814 0.99954351
0.03020178
98
 0.0454664
-0.0287322
 -0.088264
0.99974581 -0.00560914 0.02183701
0.00490474 0.99947011 0.03217814
-0.02200593 -0.03206286 0.99924357
0.04973955
99
 0.0452984
-0.0282166
-0.0882841
0.99930515 -0.01819434 0.03252966
0.01837671 0.99981700 -0.00531609
-0.03242699 0.00591018 0.99945663
0.03376359
100
 0.0451091
-0.0277173
  -0.08826
0.99894760 -0.02595143 0.03781807
0.02683290 0.99937553 -0.02298999
-0.03719783 0.02398057 0.99902015
0.04240198
