# oST version 5.0 parameters


[image]

width
1280

height
720

[narrow_stereo]

camera matrix
894.729266 0.000000 653.170068
0.000000 895.062660 371.534462
0.000000 0.000000 1.000000

distortion
0.110718 -0.197988 0.001187 0.001729 0.000000

rectification
1.000000 0.000000 0.000000
0.000000 1.000000 0.000000
0.000000 0.000000 1.000000

projection
898.998535 0.000000 657.072394 0.000000
0.000000 909.839233 372.138870 0.000000
0.000000 0.000000 1.000000 0.000000