# oST version 5.0 parameters


[image]

width
320

height
240

[narrow_stereo]

camera matrix
299.108725 0.000000 157.994111
0.000000 299.333970 121.444204
0.000000 0.000000 1.000000

distortion
0.125837 -0.245350 0.000817 -0.000752 0.000000

rectification
1.000000 0.000000 0.000000
0.000000 1.000000 0.000000
0.000000 0.000000 1.000000

projection
303.901917 0.000000 157.787640 0.000000
0.000000 304.216736 121.580538 0.000000
0.000000 0.000000 1.000000 0.000000
