# oST version 5.0 parameters


[image]

width
320

height
240

[narrow_stereo]

camera matrix
298.128620 0.000000 162.712355
0.000000 297.667050 123.913152
0.000000 0.000000 1.000000

distortion
0.122052 -0.246372 0.000965 -0.000297 0.000000

rectification
1.000000 0.000000 0.000000
0.000000 1.000000 0.000000
0.000000 0.000000 1.000000

projection
302.567963 0.000000 162.665959 0.000000
0.000000 302.167145 124.060880 0.000000
0.000000 0.000000 1.000000 0.000000
