/kitti/camera_color_left/image_raw
/kitti/velo/pointcloud
-1.3 -0.1 2.0 50 1.2 0.1
cam2cam
9.998817e-01 1.511453e-02 -2.841595e-03 0.0
-1.511724e-02 9.998853e-01 -9.338510e-04 0.0
2.827154e-03 9.766976e-04 9.999955e-01 0.0
0 0 0 1
camin
7.215377e+02 0.000000e+00 6.095593e+02 4.485728e+01
0.000000e+00 7.215377e+02 1.728540e+02 2.163791e-01
0.000000e+00 0.000000e+00 1.000000e+00 2.745884e-03
RT
7.533745e-03 -9.999714e-01 -6.166020e-04 -4.069766e-03
1.480249e-02 7.280733e-04 -9.998902e-01 -7.631618e-02
9.998621e-01 7.523790e-03 1.480755e-02 -2.717806e-01
0 0 0 1
