image_width: 1280
image_height: 720
camera_name: narrow_stereo
camera_matrix:
  rows: 3
  cols: 3
  data: [ 912.00162,    0.     ,  639.72731,
            0.     ,  910.76683,  348.15893,
            0.     ,    0.     ,    1.     ]
camera_model: plumb_bob
distortion_coefficients:
  rows: 1
  cols: 5
  data: [0.091577, -0.191165, -0.003046, -0.003552, 0.000000]
rectification_matrix:
  rows: 3
  cols: 3
  data: [ 1.,  0.,  0.,
          0.,  1.,  0.,
          0.,  0.,  1.]
projection_matrix:
  rows: 3
  cols: 4
  data: [ 910.45978,    0.     ,  634.38199,    0.     ,
            0.     ,  922.53247,  346.51316,    0.     ,
            0.     ,    0.     ,    1.     ,    0.     ]
