1
 0.0551019
-0.0631059
-0.0967904
0.99929333 -0.00417262 0.03735538
0.00328225 0.99970981 0.02386480
-0.03744412 -0.02372532 0.99901704
0.01535098
2
 0.0629007
-0.0434645
-0.0962481
0.99942016 -0.01518808 0.03047412
0.01498195 0.99986339 0.00698091
-0.03057598 -0.00652030 0.99951118
0.02656534
3
  0.065648
-0.0418801
-0.0964408
0.99949022 -0.01692396 0.02707182
0.01677159 0.99984226 0.00584532
-0.02716647 -0.00538831 0.99961640
0.01837857
4
 0.0670676
-0.0391409
-0.0970322
0.99959166 -0.01603240 0.02365306
0.01599982 0.99987077 0.00156599
-0.02367511 -0.00118690 0.99971900
0.03906332
5
 0.0647819
-0.0302672
-0.0969095
0.99921673 -0.02607911 0.02976248
0.02656737 0.99951689 -0.01612947
-0.02932746 0.01690754 0.99942685
0.02726122
6
 0.0649422
 -0.028778
-0.0958083
0.99915750 -0.03072142 0.02721171
0.03108633 0.99943099 -0.01308984
-0.02679408 0.01392473 0.99954399
0.02813714
7
 0.0662875
-0.0244276
-0.0948008
0.99948689 -0.02184145 0.02342868
0.02234279 0.99952228 -0.02135429
-0.02295108 0.02186679 0.99949742
0.03883160
8
 0.0649244
-0.0247408
-0.0949316
0.99945414 -0.01375940 0.03003489
0.01419267 0.99979759 -0.01426027
-0.02983260 0.01467876 0.99944712
0.02728154
9
 0.0642411
-0.0269203
-0.0950246
0.99941541 -0.01498176 0.03073069
0.01504547 0.99988511 -0.00184323
-0.03069955 0.00230451 0.99952600
0.02613769
10
 0.0660562
-0.0286466
-0.0953099
0.99965496 -0.01160723 0.02356352
0.01150054 0.99992302 0.00465809
-0.02361578 -0.00438549 0.99971149
0.02421730
11
 0.0686615
-0.0351835
-0.0952984
0.99983738 -0.00945295 0.01535746
0.00898719 0.99950592 0.03011876
-0.01563458 -0.02997584 0.99942834
0.04860518
12
 0.0675269
-0.0309722
-0.0951977
0.99962660 -0.00747761 0.02628216
0.00754759 0.99996823 -0.00256451
-0.02626215 0.00276192 0.99965127
0.03935398
13
 0.0664277
-0.0332709
-0.0952546
0.99947922 -0.00518233 0.03185022
0.00485643 0.99993515 0.01030102
-0.03190154 -0.01014098 0.99943957
0.02712549
14
 0.0652108
-0.0367783
-0.0956184
0.99930455 -0.00738239 0.03655027
0.00644230 0.99964709 0.02577179
-0.03672763 -0.02551839 0.99899945
0.03524551
15
 0.0690713
-0.0398891
-0.0959477
0.99991536 -0.00877630 0.00960466
0.00845716 0.99942688 0.03277796
-0.00988683 -0.03269396 0.99941651
0.05923182
16
 0.0694408
-0.0372218
-0.0959032
0.99979864 -0.01284204 0.01541946
0.01282357 0.99991693 0.00129602
-0.01543482 -0.00109802 0.99988027
0.03196198
17
 0.0675794
-0.0374242
-0.0955928
0.99933745 -0.01517575 0.03308106
0.01508215 0.99988152 0.00307723
-0.03312384 -0.00257626 0.99944793
0.02091482
18
 0.0668246
-0.0360379
-0.0952976
0.99918367 -0.02188985 0.03395331
0.02206298 0.99974538 -0.00473272
-0.03384106 0.00547797 0.99941221
0.04240038
19
 0.0652927
-0.0316098
-0.0950942
0.99894910 -0.01722707 0.04247251
0.01876193 0.99917536 -0.03600810
-0.04181717 0.03676712 0.99844855
0.06354468
20
 0.0639099
-0.0305596
-0.0950612
0.99876320 -0.01875117 0.04604841
0.02006088 0.99940248 -0.02814667
-0.04549311 0.02903563 0.99854259
0.03871610
21
 0.0635885
-0.0323228
 -0.095019
0.99907307 -0.01416040 0.04065073
0.01413096 0.99989964 0.00101137
-0.04066097 -0.00043600 0.99917291
0.02907508
22
 0.0626907
-0.0343754
-0.0949112
0.99898119 -0.01114293 0.04373110
0.01035645 0.99978127 0.01816996
-0.04392401 -0.01769854 0.99887809
0.03320352
23
 0.0617604
-0.0351465
-0.0950558
0.99879876 -0.01412362 0.04692073
0.01340222 0.99978764 0.01565403
-0.04713186 -0.01500638 0.99877595
0.03566021
24
 0.0612442
-0.0369773
-0.0952823
0.99893731 -0.01259651 0.04433489
0.01138712 0.99955898 0.02742603
-0.04466081 -0.02689203 0.99864019
0.03821846
25
 0.0605823
-0.0382491
-0.0952536
0.99892596 -0.00968055 0.04531250
0.00839941 0.99956194 0.02837907
-0.04556737 -0.02796799 0.99856968
0.03667267
26
 0.0593284
-0.0367761
-0.0952175
0.99852791 -0.01469559 0.05221164
0.01465898 0.99989196 0.00108403
-0.05222193 -0.00031707 0.99863545
0.03031617
27
  0.058483
-0.0406566
-0.0952729
0.99858501 -0.01031152 0.05216937
0.00785854 0.99886360 0.04700795
-0.05259481 -0.04653146 0.99753126
0.05623632
28
 0.0585336
-0.0405412
-0.0952859
0.99906625 -0.01153524 0.04163603
0.01046247 0.99961000 0.02589188
-0.04191847 -0.02543209 0.99879730
0.02988955
29
 0.0582026
-0.0377727
-0.0950792
0.99894905 -0.01777315 0.04224817
0.01849443 0.99968876 -0.01674349
-0.04193744 0.01750725 0.99896684
0.04409710
30
 0.0577729
-0.0377142
-0.0951076
0.99900557 -0.00767094 0.04392080
0.00803813 0.99993415 -0.00818994
-0.04385508 0.00853484 0.99900145
0.03118598
31
 0.0586179
-0.0387091
-0.0953891
0.99951139 -0.01004988 0.02959686
0.00974920 0.99989957 0.01028623
-0.02969726 -0.00999266 0.99950899
0.03091807
32
 0.0578275
-0.0370367
-0.0952385
0.99906297 -0.01084428 0.04189957
0.01151267 0.99980978 -0.01574388
-0.04172087 0.01621151 0.99899778
0.03157838
33
 0.0574387
-0.0374872
-0.0954494
0.99903749 -0.00835910 0.04306073
0.00838887 0.99996468 -0.00051089
-0.04305493 0.00087162 0.99907233
0.02922475
34
 0.0557919
-0.0337431
-0.0949602
0.99796697 -0.01896884 0.06084494
0.02205801 0.99848004 -0.05050802
-0.05979438 0.05174745 0.99686851
0.07972021
35
 0.0559734
-0.0343594
 -0.094978
0.99886438 -0.01389641 0.04557227
0.01462038 0.99977155 -0.01559155
-0.04534520 0.01624012 0.99883936
0.03555038
36
 0.0561847
-0.0349704
-0.0951312
0.99918877 -0.01349787 0.03794217
0.01341743 0.99990716 0.00237397
-0.03797070 -0.00186296 0.99927712
0.01762579
37
 0.0555932
-0.0367313
-0.0951576
0.99889997 -0.00945846 0.04592796
0.00810626 0.99953075 0.02953924
-0.04618581 -0.02913444 0.99850791
0.04064158
38
 0.0552895
-0.0379459
-0.0950655
0.99892271 -0.00923062 0.04547755
0.00760843 0.99933305 0.03571498
-0.04577689 -0.03533050 0.99832672
0.04202736
39
 0.0559626
-0.0385577
 -0.095099
0.99945482 -0.01228124 0.03064677
0.01137596 0.99949884 0.02954061
-0.03099421 -0.02917587 0.99909365
0.04100314
40
 0.0564011
-0.0382186
-0.0951441
0.99942969 -0.02050233 0.02683202
0.02023235 0.99974230 0.01029526
-0.02703619 -0.00974651 0.99958694
0.02805886
41
 0.0562115
-0.0370779
-0.0950112
0.99925718 -0.01692673 0.03462033
0.01737436 0.99976878 -0.01266987
-0.03439786 0.01326196 0.99932022
0.02730575
42
 0.0559924
-0.0358595
-0.0950662
0.99913049 -0.01639483 0.03833363
0.01742288 0.99949325 -0.02663987
-0.03787745 0.02728459 0.99890983
0.03901040
43
  0.055918
-0.0356911
-0.0950677
0.99919657 -0.01065948 0.03863411
0.01126998 0.99981450 -0.01561877
-0.03846045 0.01604163 0.99913135
0.02674565
44
 0.0564494
-0.0364579
-0.0950015
0.99954965 -0.00485653 0.02961261
0.00460199 0.99995193 0.00865770
-0.02965323 -0.00851753 0.99952396
0.03643767
45
 0.0561961
-0.0365218
-0.0950627
0.99924504 -0.00937014 0.03770337
0.00913928 0.99993845 0.00629076
-0.03776000 -0.00594143 0.99926917
0.01873896
46
 0.0559871
-0.0366447
-0.0950806
0.99917972 -0.00615993 0.04002430
0.00587462 0.99995652 0.00724208
-0.04006717 -0.00700101 0.99917246
0.02242875
47
  0.056062
-0.0358589
-0.0952763
0.99930027 -0.00952079 0.03617077
0.00994555 0.99988347 -0.01158146
-0.03605629 0.01193309 0.99927851
0.03977898
48
 0.0560682
-0.0345196
-0.0953286
0.99929864 -0.01678856 0.03347195
0.01787800 0.99931122 -0.03251860
-0.03290296 0.03309420 0.99891049
0.05184372
49
 0.0559335
-0.0347107
-0.0952218
0.99919981 -0.01466478 0.03721144
0.01511569 0.99981535 -0.01186511
-0.03703057 0.01241809 0.99923697
0.02540213
50
 0.0554873
 -0.034797
-0.0952229
0.99881046 -0.01410557 0.04667655
0.01423158 0.99989592 -0.00236856
-0.04663828 0.00303002 0.99890725
0.02264181
51
 0.0552475
-0.0349561
-0.0952838
0.99888046 -0.01243876 0.04564098
0.01236541 0.99992176 0.00188897
-0.04566091 -0.00132249 0.99895612
0.03048634
52
 0.0552703
-0.0337793
-0.0953209
0.99878195 -0.02938802 0.03963544
0.03038947 0.99922781 -0.02490522
-0.03887292 0.02607939 0.99890378
0.04037669
53
 0.0556874
-0.0321698
-0.0952138
0.99913951 -0.02882150 0.02982557
0.03027042 0.99832392 -0.04932601
-0.02835393 0.05018640 0.99833731
0.07868105
54
 0.0561209
-0.0318829
-0.0953037
0.99943527 -0.02343304 0.02408371
0.02420684 0.99918321 -0.03235652
-0.02330582 0.03292123 0.99918618
0.04365592
55
 0.0561286
-0.0309915
-0.0953358
0.99945316 -0.01578997 0.02905270
0.01689499 0.99912761 -0.03819132
-0.02842432 0.03866128 0.99884802
0.05351673
56
 0.0556823
-0.0309953
-0.0955405
0.99901393 -0.01271175 0.04253917
0.01360396 0.99969213 -0.02075036
-0.04226230 0.02130860 0.99887929
0.03533595
57
 0.0553527
-0.0303608
-0.0955118
0.99878181 -0.01653346 0.04649231
0.01774167 0.99951236 -0.02569579
-0.04604480 0.02648934 0.99858810
0.03686468
58
 0.0548251
-0.0299902
-0.0955564
0.99839460 -0.01586332 0.05437447
0.01710291 0.99960260 -0.02240826
-0.05399739 0.02330225 0.99826915
0.03773172
59
 0.0550163
-0.0299038
-0.0956489
0.99895009 -0.01962767 0.04139417
0.02026190 0.99968280 -0.01495839
-0.04108745 0.01578141 0.99903091
0.02700766
60
 0.0545471
-0.0299444
-0.0955549
0.99852152 -0.01928960 0.05082019
0.01962376 0.99978892 -0.00608450
-0.05069210 0.00707279 0.99868928
0.02600388
61
   0.05473
-0.0297917
-0.0955257
0.99904012 -0.01861283 0.03965361
0.01897747 0.99978084 -0.00883912
-0.03948040 0.00958316 0.99917439
0.02389482
62
 0.0553976
-0.0298383
-0.0957281
0.99963111 -0.01520273 0.02250587
0.01533854 0.99986510 -0.00587444
-0.02241353 0.00621748 0.99972945
0.05214715
63
 0.0559015
-0.0305404
-0.0957653
0.99973047 -0.01503137 0.01769325
0.01479560 0.99980099 0.01338193
-0.01789088 -0.01311654 0.99975391
0.04142880
64
 0.0560089
 -0.031232
-0.0958225
0.99962308 -0.01095359 0.02517368
0.01032000 0.99963011 0.02516234
-0.02543999 -0.02489306 0.99936637
0.03971799
65
 0.0553854
-0.0307577
-0.0957853
0.99881455 -0.01354270 0.04675573
0.01360511 0.99990693 -0.00101661
-0.04673761 0.00165152 0.99890584
0.02139708
66
 0.0552496
 -0.029977
-0.0957259
0.99882807 -0.01854053 0.04470729
0.01958152 0.99954460 -0.02296008
-0.04426124 0.02380861 0.99873625
0.03518730
67
 0.0559273
-0.0328656
-0.0957323
0.99961510 -0.01575406 0.02283537
0.01419524 0.99765951 0.06688790
-0.02383568 -0.06653800 0.99749915
0.10059658
68
 0.0559629
-0.0327532
 -0.095733
0.99951951 -0.01229477 0.02845326
0.01148662 0.99953081 0.02839404
-0.02878900 -0.02805356 0.99919177
0.04647492
69
 0.0558685
-0.0324743
-0.0957036
0.99920469 -0.01878807 0.03517082
0.01857963 0.99980789 0.00624402
-0.03528138 -0.00558559 0.99936181
0.01525623
70
 0.0555748
-0.0311749
-0.0956463
0.99885470 -0.01843558 0.04415232
0.02006693 0.99912135 -0.03679457
-0.04343520 0.03763843 0.99834700
0.05619743
71
 0.0558451
-0.0316563
-0.0956941
0.99933541 -0.01692036 0.03228693
0.01708052 0.99984311 -0.00469092
-0.03220249 0.00523928 0.99946763
0.01827714
72
 0.0554401
-0.0304258
-0.0955801
0.99878350 -0.02000216 0.04507152
0.02177088 0.99899812 -0.03909964
-0.04424429 0.04003332 0.99821830
0.06146991
73
 0.0555245
-0.0300314
-0.0954374
0.99913111 -0.01755523 0.03780010
0.01876811 0.99931245 -0.03197462
-0.03721279 0.03265628 0.99877364
0.04069856
74
  0.055639
-0.0298562
-0.0954963
0.99928759 -0.01634401 0.03401733
0.01714386 0.99958021 -0.02335581
-0.03362132 0.02392236 0.99914830
0.04288426
75
 0.0558521
-0.0300598
-0.0955614
0.99950001 -0.01308270 0.02878507
0.01328179 0.99988910 -0.00673641
-0.02869375 0.00711536 0.99956292
0.02952175
76
 0.0556617
-0.0300909
 -0.095578
0.99917991 -0.01255613 0.03849491
0.01267981 0.99991520 -0.00297034
-0.03845435 0.00345601 0.99925438
0.01694089
77
 0.0555247
-0.0307475
-0.0956212
0.99907982 -0.00882298 0.04197231
0.00805240 0.99979656 0.01849292
-0.04212694 -0.01813793 0.99894761
0.03700113
78
 0.0557246
-0.0310424
 -0.095581
0.99947024 -0.00302577 0.03240503
0.00247023 0.99984953 0.01716999
-0.03245210 -0.01708085 0.99932733
0.03217512
79
 0.0558155
-0.0301599
-0.0955697
0.99942305 -0.01280626 0.03145731
0.01347707 0.99968429 -0.02120569
-0.03117582 0.02161740 0.99928012
0.03099605
80
 0.0555674
-0.0299543
-0.0956409
0.99890742 -0.02118071 0.04165743
0.02201920 0.99956199 -0.01977349
-0.04122037 0.02066915 0.99893627
0.03157648
81
 0.0550313
-0.0295156
-0.0955896
0.99821829 -0.01895079 0.05657831
0.02052191 0.99941611 -0.02731822
-0.05602757 0.02843064 0.99802435
0.03960293
82
 0.0553439
-0.0286498
-0.0955474
0.99885924 -0.03067345 0.03659718
0.03233465 0.99843186 -0.04569787
-0.03513808 0.04682909 0.99828470
0.05606615
83
 0.0557954
-0.0291135
 -0.095523
0.99959517 -0.01882725 0.02133168
0.01899336 0.99979064 -0.00761127
-0.02118392 0.00801335 0.99974348
0.03636034
84
 0.0556805
-0.0291074
-0.0955184
0.99932126 -0.01749104 0.03242053
0.01769202 0.99982594 -0.00592245
-0.03231130 0.00649201 0.99945677
0.02547118
85
 0.0557397
-0.0303811
-0.0956565
0.99939580 -0.00690764 0.03406357
0.00547284 0.99910110 0.04203611
-0.03432332 -0.04182429 0.99853525
0.06140947
86
 0.0559757
-0.0309859
-0.0956302
0.99959913 -0.00852184 0.02699907
0.00739441 0.99910757 0.04158600
-0.02732936 -0.04136969 0.99877007
0.05681295
87
 0.0556247
-0.0306985
-0.0955994
0.99898996 -0.01019387 0.04376234
0.00981243 0.99991205 0.00892202
-0.04384944 -0.00848359 0.99900213
0.03149597
88
 0.0555031
-0.0309785
-0.0956398
0.99895432 -0.01118494 0.04433011
0.01055047 0.99983891 0.01452058
-0.04448538 -0.01403769 0.99891140
0.02460217
89
 0.0556057
-0.0304157
-0.0956149
0.99917580 -0.01673771 0.03698068
0.01732488 0.99972798 -0.01561478
-0.03670927 0.01624260 0.99919398
0.03320248
90
 0.0556589
-0.0308861
 -0.095563
0.99931023 -0.01393677 0.03442125
0.01359002 0.99985473 0.01028745
-0.03455962 -0.00981257 0.99935446
0.02248593
91
 0.0560596
-0.0310048
-0.0956186
0.99969336 -0.01189422 0.02171900
0.01170992 0.99989451 0.00859334
-0.02181892 -0.00833638 0.99972718
0.03480317
92
 0.0561398
-0.0303512
-0.0955836
0.99959037 -0.01330139 0.02534084
0.01384686 0.99967354 -0.02147288
-0.02504694 0.02181497 0.99944823
0.04216745
93
  0.055701
-0.0297663
-0.0955193
0.99871423 -0.01897503 0.04700892
0.02058670 0.99920839 -0.03404075
-0.04632579 0.03496474 0.99831427
0.04842478
94
  0.055983
-0.0300929
-0.0955956
0.99941529 -0.01575946 0.03034340
0.01586764 0.99986856 -0.00332755
-0.03028697 0.00380708 0.99953399
0.02999778
95
 0.0560791
-0.0303293
-0.0955179
0.99952947 -0.01061409 0.02877796
0.01042692 0.99992355 0.00664619
-0.02884630 -0.00634300 0.99956373
0.02242137
96
 0.0560451
-0.0298317
-0.0955226
0.99938688 -0.01141726 0.03309853
0.01200377 0.99977347 -0.01757589
-0.03289036 0.01796243 0.99929754
0.04514336
97
 0.0558155
-0.0297901
-0.0954821
0.99901147 -0.01101130 0.04306782
0.01156230 0.99985420 -0.01256550
-0.04292318 0.01305104 0.99899313
0.02193961
98
 0.0555869
-0.0290905
-0.0954257
0.99868367 -0.01705338 0.04837460
0.01887130 0.99912308 -0.03737561
-0.04769480 0.03823930 0.99812973
0.05012563
99
 0.0555431
-0.0293925
-0.0954981
0.99893003 -0.01290992 0.04440876
0.01332903 0.99986926 -0.00915449
-0.04428477 0.00973662 0.99897150
0.03010412
100
 0.0547978
-0.0279318
-0.0953824
0.99724128 -0.02737123 0.06899742
0.03218122 0.99705621 -0.06959375
-0.06688943 0.07162218 0.99518645
0.09149764
