# oST version 5.0 parameters


[image]

width
320

height
240

[narrow_stereo]

camera matrix
306.008858 0.000000 166.859194
0.000000 306.556677 115.714045
0.000000 0.000000 1.000000

distortion
0.118024 -0.214424 -0.000166 0.004614 0.000000

rectification
1.000000 0.000000 0.000000
0.000000 1.000000 0.000000
0.000000 0.000000 1.000000

projection
310.817841 0.000000 168.021493 0.000000
0.000000 312.545319 115.683340 0.000000
0.000000 0.000000 1.000000 0.000000
