# oST version 5.0 parameters


[image]

width
320

height
240

[narrow_stereo]

camera matrix
306.075214 0.000000 165.391303
0.000000 305.712034 119.856769
0.000000 0.000000 1.000000

distortion
0.121090 -0.237727 -0.000981 0.000291 0.000000

rectification
1.000000 0.000000 0.000000
0.000000 1.000000 0.000000
0.000000 0.000000 1.000000

projection
310.788330 0.000000 165.490015 0.000000
0.000000 310.421204 119.679840 0.000000
0.000000 0.000000 1.000000 0.000000
