# oST version 5.0 parameters


[image]

width
1280

height
720

[narrow_stereo]

camera matrix
912.001622 0.000000 639.727310
0.000000 910.766826 348.158929
0.000000 0.000000 1.000000

distortion
0.091577 -0.191165 -0.003046 -0.003552 0.000000

rectification
1.000000 0.000000 0.000000
0.000000 1.000000 0.000000
0.000000 0.000000 1.000000

projection
910.459778 0.000000 634.381993 0.000000
0.000000 922.532471 346.513158 0.000000
0.000000 0.000000 1.000000 0.000000
