1
0.0735569
0.0330978
-0.100517
0.99988181 -0.00729270 0.01353415
0.00779735 0.99926180 -0.03761719
-0.01324983 0.03771827 0.99920057
0.02905594
2
 0.068764
 0.017588
-0.101775
0.99982405 -0.00547441 0.01794154
0.00588611 0.99971871 -0.02297518
-0.01781071 0.02307675 0.99957503
0.04897897
3
 0.0694772
-0.0336528
 -0.101185
0.99986494 0.00244908 0.01625110
-0.00313550 0.99909800 0.04234802
-0.01613273 -0.04239325 0.99897074
0.04201632
4
  0.073941
-0.0368929
 -0.100029
0.99996231 -0.00064459 0.00865778
0.00032848 0.99933494 0.03646337
-0.00867552 -0.03645915 0.99929749
0.03319236
5
 0.0743817
-0.0462512
 -0.100255
0.99994085 0.00013570 0.01087563
-0.00066917 0.99879545 0.04906332
-0.01085588 -0.04906770 0.99873646
0.02957399
6
0.0677373
-0.053866
-0.100594
0.99956753 0.00589676 0.02880942
-0.00758186 0.99824471 0.05873682
-0.02841250 -0.05892985 0.99785771
0.04747632
7
0.0650768
-0.058599
-0.101271
0.99946498 0.00624161 0.03210601
-0.00822428 0.99804244 0.06199721
-0.03165620 -0.06222809 0.99755980
0.03343535
8
 0.0664983
-0.0618056
 -0.101573
0.99967147 0.01417791 0.02135268
-0.01546156 0.99800558 0.06120300
-0.02044236 -0.06151304 0.99789692
0.02962479
9
 0.0662904
-0.0476007
 -0.101187
0.99974883 0.00618002 0.02154271
-0.00613078 0.99997844 -0.00235124
-0.02155677 0.00221857 0.99976516
0.04550123
10
 0.0681164
-0.0459329
 -0.101104
0.99990999 0.00580079 0.01209779
-0.00589165 0.99995460 0.00748884
-0.01205380 -0.00755944 0.99989878
0.04037382
11
 0.0691578
-0.0453526
 -0.101415
0.99993701 0.00475728 0.01016606
-0.00491815 0.99986216 0.01585780
-0.01008922 -0.01590680 0.99982257
0.02770495
12
 0.0681881
-0.0465247
 -0.101412
0.99982212 0.00550244 0.01804034
-0.00602188 0.99956514 0.02886652
-0.01787366 -0.02897002 0.99942047
0.03867475
13
  0.069381
-0.0472597
 -0.101994
0.99990441 0.00581143 0.01254600
-0.00621802 0.99944861 0.03261611
-0.01234954 -0.03269100 0.99938921
0.02441252
14
0.0669878
-0.042383
-0.101771
0.99957510 0.00232868 0.02905495
-0.00240379 0.99999386 0.00255046
-0.02904883 -0.00261922 0.99957456
0.03671143
15
 0.0671992
-0.0436197
 -0.101493
0.99974254 0.00376195 0.02237616
-0.00427516 0.99972788 0.02293231
-0.02228380 -0.02302207 0.99948658
0.02534255
16
0.0663604
-0.041922
-0.101435
0.99964911 0.00515133 0.02598296
-0.00549790 0.99989664 0.01328455
-0.02591184 -0.01342274 0.99957411
0.02535012
17
 0.0673844
-0.0451593
 -0.101287
0.99984460 0.00770830 0.01585418
-0.00838505 0.99903678 0.04307197
-0.01550689 -0.04319822 0.99894617
0.03022754
18
 0.0658197
-0.0388576
 -0.101126
0.99959037 0.00286873 0.02847572
-0.00249000 0.99990810 -0.01332652
-0.02851133 0.01325015 0.99950565
0.04566184
19
 0.0675991
-0.0366397
 -0.101533
0.99993396 0.00262263 0.01118950
-0.00247669 0.99991195 -0.01303682
-0.01122271 0.01300824 0.99985241
0.05344809
20
 0.0688747
-0.0369853
 -0.101295
0.99998725 -0.00257142 0.00434545
0.00254000 0.99997070 0.00722146
-0.00436389 -0.00721033 0.99996448
0.03017056
21
 0.0678785
-0.0321105
 -0.101436
0.99970522 -0.01507959 0.01902813
0.01564164 0.99943519 -0.02974295
-0.01856887 0.03003181 0.99937645
0.05835245
22
 0.0681442
-0.0325073
 -0.101786
0.99985414 0.00285130 0.01683934
-0.00277956 0.99998697 -0.00428212
-0.01685133 0.00423469 0.99984904
0.03604013
23
 0.0670324
-0.0297741
 -0.101914
0.99957841 -0.00059968 0.02902814
0.00120858 0.99977952 -0.02096326
-0.02900917 0.02098950 0.99935875
0.04863919
24
 0.0669715
-0.0296423
 -0.101968
0.99968197 0.00517796 0.02468078
-0.00504896 0.99997328 -0.00528634
-0.02470749 0.00516004 0.99968141
0.02760936
25
 0.0667048
-0.0281394
 -0.101845
0.99969179 0.00564339 0.02417609
-0.00535445 0.99991366 -0.01199969
-0.02424172 0.01186654 0.99963570
0.03828928
26
 0.0668273
-0.0278117
 -0.101568
0.99979586 0.00269256 0.02002448
-0.00265119 0.99999430 -0.00209231
-0.02003000 0.00203879 0.99979730
0.03216801
27
 0.0665296
-0.0313351
 -0.101677
0.99965923 0.01062012 0.02384613
-0.01169633 0.99889790 0.04545525
-0.02333711 -0.04571867 0.99868172
0.05162049
28
 0.0659705
-0.0314538
 -0.101628
0.99960861 0.00468041 0.02758134
-0.00555946 0.99947620 0.03188129
-0.02741767 -0.03202215 0.99911103
0.02734794
29
 0.0647289
-0.0320055
 -0.101935
0.99917141 0.00794200 0.03991765
-0.00919856 0.99946475 0.03139439
-0.03964695 -0.03173556 0.99870965
0.03746884
30
 0.0659032
-0.0348137
 -0.101682
0.99982621 0.00960621 0.01597714
-0.01055351 0.99812428 0.06030377
-0.01536788 -0.06046191 0.99805220
0.05423823
31
 0.0657722
-0.0346329
 -0.101802
0.99977451 0.00583356 0.02041829
-0.00656968 0.99932395 0.03617300
-0.02019347 -0.03629898 0.99913693
0.03433833
32
 0.0675316
-0.0336274
 -0.101711
0.99997384 0.00672701 -0.00265652
-0.00668933 0.99988040 0.01394404
0.00275000 -0.01392591 0.99989925
0.04187745
33
 0.0676726
-0.0311098
 -0.101496
0.99998051 0.00005474 0.00624339
0.00006344 0.99982086 -0.01892737
-0.00624330 0.01892739 0.99980137
0.05230406
34
 0.0676291
-0.0298959
 -0.101606
0.99989919 0.00353413 0.01375197
-0.00325054 0.99978272 -0.02058991
-0.01382175 0.02054313 0.99969342
0.04723720
35
 0.0674092
-0.0290019
 -0.101763
0.99977814 0.00788422 0.01953219
-0.00756320 0.99983600 -0.01645520
-0.01965873 0.01630382 0.99967381
0.04055681
36
 0.0668015
-0.0266931
 -0.101614
0.99960193 0.00359484 0.02798320
-0.00260514 0.99937252 -0.03532406
-0.02809262 0.03523710 0.99898406
0.06210760
37
 0.0656315
-0.0256707
 -0.101713
0.99914423 0.00174919 0.04132503
-0.00059570 0.99961031 -0.02790841
-0.04135774 0.02785991 0.99875591
0.05622487
38
 0.0653234
-0.0220828
 -0.101609
0.99934024 -0.00123401 0.03629825
0.00363612 0.99780070 -0.06618571
-0.03613674 0.06627403 0.99714687
0.09158529
39
 0.0650255
-0.0211651
 -0.101776
0.99941154 0.00455167 0.03399803
-0.00303148 0.99899888 -0.04463241
-0.03416714 0.04450308 0.99842480
0.07001908
40
 0.0653465
-0.0228841
 -0.101606
0.99975320 0.00440436 0.02177491
-0.00464967 0.99992616 0.01122766
-0.02172385 -0.01132614 0.99969985
0.02432208
41
 0.0654567
-0.0226293
 -0.101695
0.99980656 0.00322469 0.01940223
-0.00334269 0.99997610 0.00605256
-0.01938225 -0.00611625 0.99979344
0.05255784
42
 0.0658397
-0.0218821
 -0.101797
0.99991651 0.00039443 0.01291598
-0.00031096 0.99997906 -0.00646444
-0.01291826 0.00645988 0.99989569
0.02626968
43
 0.0655792
-0.0235149
 -0.101702
0.99969738 0.00869187 0.02301312
-0.00938977 0.99949389 0.03039389
-0.02273729 -0.03060078 0.99927304
0.04418014
44
 0.0653633
-0.0243761
  -0.10178
0.99953960 0.01325142 0.02729431
-0.01421858 0.99926672 0.03555063
-0.02680320 -0.03592235 0.99899508
0.03664005
45
 0.0652486
-0.0236319
 -0.101874
0.99957360 0.01124300 0.02694853
-0.01147139 0.99989946 0.00833531
-0.02685210 -0.00864089 0.99960207
0.02544735
46
 0.0652616
-0.0240577
 -0.102012
0.99956571 0.01380475 0.02603511
-0.01423196 0.99976592 0.01629578
-0.02580405 -0.01665924 0.99952820
0.03311859
47
 0.0660812
-0.0238869
 -0.102107
0.99992621 0.00919913 0.00793378
-0.00927346 0.99991298 0.00938315
-0.00784677 -0.00945603 0.99992450
0.02972764
48
 0.0664224
-0.0246567
 -0.102103
0.99994175 0.00760127 0.00766242
-0.00779316 0.99964874 0.02533118
-0.00746718 -0.02538941 0.99964975
0.03406733
49
 0.0661513
-0.0243037
 -0.102237
0.99982079 -0.00123841 0.01889084
0.00102042 0.99993284 0.01154473
-0.01890387 -0.01152339 0.99975490
0.01918093
50
 0.0660804
-0.0248933
 -0.102228
0.99977433 0.00389370 0.02088368
-0.00436448 0.99973630 0.02254514
-0.02079039 -0.02263120 0.99952768
0.02496896
51
 0.0660454
-0.0269558
 -0.102161
0.99966632 0.01380667 0.02183168
-0.01510070 0.99806825 0.06026389
-0.02095747 -0.06057346 0.99794371
0.06590465
52
 0.0665514
-0.0285536
 -0.102049
0.99986371 0.01282895 0.01039096
-0.01353873 0.99735626 0.07139469
-0.00944757 -0.07152564 0.99739402
0.07316115
53
 0.0663252
-0.0286496
 -0.102039
0.99978860 0.00550223 0.01981122
-0.00641502 0.99890653 0.04630968
-0.01953475 -0.04642698 0.99873066
0.04901535
54
 0.0659516
-0.0275378
 -0.101981
0.99960149 -0.00454280 0.02786063
0.00444510 0.99998376 0.00356758
-0.02787639 -0.00344232 0.99960545
0.03312170
55
 0.0665003
-0.0275855
 -0.102006
0.99992433 0.00087676 0.01227079
-0.00099361 0.99995419 0.00952034
-0.01226188 -0.00953181 0.99987939
0.02361927
56
 0.0662412
-0.0284154
 -0.101937
0.99976808 0.00226372 0.02141656
-0.00293818 0.99949901 0.03151354
-0.02133450 -0.03156916 0.99927385
0.03244520
57
 0.0660882
-0.0292705
 -0.101932
0.99973303 0.00345554 0.02284576
-0.00445995 0.99901889 0.04406103
-0.02267109 -0.04415116 0.99876759
0.04136541
58
0.0661153
-0.029444
-0.101882
0.99980087 0.00546498 0.01919243
-0.00611697 0.99940044 0.03407846
-0.01899469 -0.03418907 0.99923486
0.03459861
59
 0.0660708
-0.0278478
 -0.101828
0.99981641 -0.00149551 0.01910244
0.00177880 0.99988858 -0.01482134
-0.01907814 0.01485260 0.99970767
0.04459729
60
 0.0662344
-0.0268648
 -0.101823
0.99987734 0.00194517 0.01554072
-0.00154885 0.99967429 -0.02547390
-0.01558521 0.02544671 0.99955468
0.04975103
61
 0.0656836
-0.0258131
 -0.101847
0.99950618 0.00116613 0.03140120
-0.00012632 0.99945219 -0.03309546
-0.03142259 0.03307515 0.99895879
0.05991385
62
0.0659374
-0.026018
-0.101776
0.99980591 0.00310901 0.01945462
-0.00302693 0.99998640 -0.00424699
-0.01946756 0.00418728 0.99980172
0.03644487
63
 0.0657806
-0.0253791
 -0.101805
0.99969739 0.00617198 0.02381261
-0.00584100 0.99988571 -0.01394427
-0.02389595 0.01380096 0.99961919
0.03344192
64
 0.0656441
-0.0242154
  -0.10176
0.99968038 -0.00500851 0.02478021
0.00582762 0.99943526 -0.03309389
-0.02460046 0.03322772 0.99914500
0.05609690
65
 0.0655349
-0.0236278
 -0.101834
0.99963983 -0.00298864 0.02666966
0.00373384 0.99960275 -0.02793574
-0.02657558 0.02802526 0.99925388
0.04959513
66
 0.0652314
-0.0238444
  -0.10197
0.99945485 0.00427455 0.03273736
-0.00416353 0.99998535 -0.00345871
-0.03275166 0.00332052 0.99945800
0.03167529
67
 0.0649849
-0.0231185
 -0.101954
0.99940853 0.00373639 0.03418530
-0.00311219 0.99982780 -0.01829447
-0.03424777 0.01817726 0.99924806
0.03824732
68
 0.0656645
-0.0238786
 -0.101972
0.99991377 0.00661251 0.01134582
-0.00681495 0.99981660 0.01789740
-0.01122539 -0.01797318 0.99977545
0.03661733
69
 0.0654949
-0.0228721
 -0.102059
0.99982351 -0.00306970 0.01853420
0.00338684 0.99984798 -0.01710408
-0.01847888 0.01716383 0.99968192
0.04262214
70
 0.0653935
-0.0236834
  -0.10198
0.99976088 0.00332257 0.02161359
-0.00377221 0.99977662 0.02079623
-0.02153966 -0.02087279 0.99955008
0.02628999
71
 0.0659753
-0.0251695
 -0.101864
0.99993812 0.01056074 0.00349687
-0.01075207 0.99813014 0.06017150
-0.00285487 -0.06020537 0.99818193
0.06695880
72
 0.0657707
-0.0256637
 -0.101944
0.99968696 0.01621427 0.01905454
-0.01714465 0.99861587 0.04972319
-0.01822194 -0.05003431 0.99858126
0.05214701
73
     0.066
-0.0268726
 -0.101802
0.99986102 0.01236338 0.01118391
-0.01311802 0.99745163 0.07012961
-0.01028837 -0.07026657 0.99747519
0.07470736
74
   0.06598
-0.0277049
 -0.102043
0.99976420 0.01171103 0.01828646
-0.01289693 0.99772695 0.06614080
-0.01747031 -0.06636105 0.99764272
0.11413588
75
 0.0663374
-0.0266097
 -0.101981
0.99997227 0.00167909 0.00725549
-0.00172176 0.99998124 0.00587760
-0.00724549 -0.00588993 0.99995640
0.03383183
76
 0.0664113
-0.0267366
  -0.10208
0.99992345 0.00176313 0.01224686
-0.00193751 0.99989670 0.01424189
-0.01222049 -0.01426453 0.99982358
0.02594528
77
 0.0660151
-0.0256659
  -0.10199
0.99958689 -0.00001194 0.02874096
0.00064470 0.99975761 -0.02200673
-0.02873373 0.02201617 0.99934462
0.05246863
78
   0.06629
-0.0259413
 -0.102048
0.99983384 -0.00319273 0.01794725
0.00310725 0.99998371 0.00478882
-0.01796225 -0.00473226 0.99982747
0.04086834
79
 0.0659763
-0.0259139
 -0.102005
0.99959683 0.00240229 0.02829137
-0.00261883 0.99996754 0.00761914
-0.02827215 -0.00769016 0.99957068
0.02550067
80
 0.0659564
-0.0253559
 -0.101981
0.99966459 0.00335846 0.02567929
-0.00308452 0.99993800 -0.01069997
-0.02571363 0.01061717 0.99961297
0.03329006
81
 0.0660673
-0.0248556
 -0.101999
0.99980794 0.00412167 0.01915949
-0.00381896 0.99986774 -0.01580896
-0.01922211 0.01573276 0.99969145
0.03801061
82
 0.0661557
-0.0248499
 -0.101995
0.99984306 0.00654254 0.01646368
-0.00650731 0.99997642 -0.00219211
-0.01647764 0.00208463 0.99986206
0.02918449
83
 0.0662156
-0.0247832
 -0.102007
0.99983661 0.00757105 0.01641421
-0.00759619 0.99997007 0.00146998
-0.01640259 -0.00159442 0.99986420
0.02619021
84
 0.0662128
-0.0248605
 -0.102041
0.99983446 0.00104668 0.01816485
-0.00120948 0.99995918 0.00895377
-0.01815474 -0.00897426 0.99979491
0.01852424
85
0.0664779
  -0.0246
 -0.10211
0.99992494 -0.00553470 0.01093050
0.00551192 0.99998258 0.00211292
-0.01094200 -0.00205251 0.99993803
0.06486585
86
 0.0663561
-0.0241982
 -0.102151
0.99980476 -0.00132471 0.01971530
0.00151709 0.99995135 -0.00974647
-0.01970143 0.00977448 0.99975813
0.03408045
87
 0.0663121
-0.0239913
 -0.102112
0.99976874 -0.00500131 0.02091544
0.00516716 0.99995558 -0.00788264
-0.02087508 0.00798889 0.99975017
0.02968696
88
 0.0662542
-0.0240507
  -0.10213
0.99974156 0.00150786 0.02268363
-0.00156367 0.99999579 0.00244312
-0.02267985 -0.00247796 0.99973971
0.01690201
89
  0.066188
-0.0240869
 -0.102162
0.99968136 0.00800854 0.02393828
-0.00817798 0.99994214 0.00698871
-0.02388093 -0.00718225 0.99968901
0.02470459
90
  0.066213
-0.0235886
 -0.102134
0.99975538 0.00704528 0.02096517
-0.00682643 0.99992165 -0.01049213
-0.02103745 0.01034644 0.99972515
0.02971149
91
 0.0661854
-0.0233434
  -0.10216
0.99974738 0.00675304 0.02143766
-0.00652740 0.99992275 -0.01057785
-0.02150744 0.01043524 0.99971423
0.03780085
92
 0.0659782
-0.0224414
 -0.102159
0.99952997 0.00436005 0.03034526
-0.00329794 0.99938316 -0.03496328
-0.03047899 0.03484677 0.99892779
0.05799633
93
0.0657523
-0.022297
-0.102235
0.99942020 0.00151740 0.03401419
-0.00087660 0.99982201 -0.01884627
-0.03403673 0.01880553 0.99924364
0.04057552
94
 0.0658141
-0.0221469
 -0.102228
0.99970656 -0.00495800 0.02371083
0.00520597 0.99993229 -0.01040773
-0.02365762 0.01052812 0.99966468
0.03414727
95
0.0656806
-0.021919
-0.102256
0.99963524 0.00065066 0.02699948
-0.00038700 0.99995220 -0.00976946
-0.02700455 0.00975545 0.99958771
0.03343000
96
 0.0655868
-0.0220741
 -0.102261
0.99963484 0.00334344 0.02681431
-0.00350167 0.99997672 0.00585596
-0.02679411 -0.00594771 0.99962328
0.01607193
97
 0.0654703
-0.0219342
 -0.102322
0.99960104 -0.00164328 0.02819665
0.00159472 0.99999721 0.00174474
-0.02819944 -0.00169908 0.99960087
0.02954985
98
 0.0652824
-0.0226241
 -0.102337
0.99948742 0.00031151 0.03201262
-0.00145789 0.99935815 0.03579332
-0.03198092 -0.03582164 0.99884635
0.04374757
99
 0.0654146
-0.0231923
 -0.102277
0.99975262 0.00965279 0.02003806
-0.01056941 0.99887843 0.04615382
-0.01957007 -0.04635420 0.99873335
0.04589132
100
 0.0651539
-0.0230094
 -0.102417
0.99947590 0.00050672 0.03236773
-0.00119342 0.99977455 0.02119971
-0.03234970 -0.02122723 0.99925117
0.04067072
