1
 0.0190386
-0.0308202
-0.0936214
0.99964158 -0.00747918 0.02570536
0.00790212 0.99983443 -0.01639133
-0.02557851 0.01658859 0.99953517
0.01857019
2
  0.021463
-0.0710504
-0.0946813
0.99967487 -0.00712492 0.02448244
0.00668321 0.99981427 0.01807666
-0.02460669 -0.01790716 0.99953681
0.01721392
3
 0.0239773
-0.0548046
-0.0949947
0.99977744 -0.00463310 0.02058187
0.00468926 0.99998541 -0.00268124
-0.02056915 0.00277715 0.99978458
0.02179592
4
 0.0222081
-0.0326777
-0.0918051
0.99969738 -0.00565457 0.02394095
0.00652428 0.99931576 -0.03640677
-0.02371871 0.03655195 0.99905024
0.03385946
5
 0.0257905
-0.0333531
-0.0927927
0.99981415 -0.00958540 0.01672668
0.00996980 0.99968457 -0.02305113
-0.01650045 0.02321361 0.99959435
0.04312358
6
 0.0224481
-0.0337984
-0.0930446
0.99962357 -0.00703119 0.02651942
0.00747954 0.99983013 -0.01684528
-0.02639647 0.01703729 0.99950636
0.01671537
7
 0.0228069
-0.0422013
 -0.094726
0.99967284 -0.00806611 0.02427253
0.00784391 0.99992658 0.00923585
-0.02434524 -0.00904244 0.99966271
0.06163640
8
 0.0224258
-0.0438545
-0.0947286
0.99965918 -0.00809602 0.02481904
0.00792732 0.99994485 0.00688819
-0.02487344 -0.00668909 0.99966823
0.02652920
9
  0.023531
-0.0316069
-0.0938295
0.99966882 -0.01755696 0.01881504
0.01842312 0.99872986 -0.04689615
-0.01796779 0.04722725 0.99872256
0.04489096
10
  0.023354
-0.0349067
-0.0941276
0.99972247 -0.01110718 0.02077510
0.01146683 0.99978505 -0.01727334
-0.02057877 0.01750677 0.99963495
0.02189749
11
 0.0228973
 -0.030824
-0.0937583
0.99957016 -0.01720089 0.02374066
0.01801997 0.99923427 -0.03472982
-0.02312510 0.03514270 0.99911472
0.04020130
12
 0.0217766
-0.0301354
-0.0936731
0.99947779 -0.01366914 0.02927971
0.01454056 0.99945134 -0.02975886
-0.02885687 0.03016906 0.99912817
0.03254769
13
 0.0204499
-0.0290264
-0.0934355
0.99939606 -0.01027178 0.03319640
0.01125578 0.99949868 -0.02959215
-0.03287580 0.02994793 0.99901066
0.02606854
14
 0.0213722
-0.0285082
-0.0934668
0.99962118 -0.01322532 0.02413678
0.01387267 0.99954314 -0.02685246
-0.02377062 0.02717713 0.99934797
0.01664300
15
 0.0202539
-0.0287418
-0.0934774
0.99944562 -0.01077316 0.03150225
0.01143027 0.99971927 -0.02075412
-0.03126982 0.02110270 0.99928818
0.01879673
16
 0.0201072
-0.0302872
-0.0934773
0.99955181 -0.00890448 0.02858144
0.00916527 0.99991744 -0.00900641
-0.02849888 0.00926433 0.99955089
0.02541588
17
 0.0236446
-0.0286395
-0.0939967
0.99989742 -0.01380658 0.00381243
0.01390415 0.99954206 -0.02687644
-0.00343962 0.02692669 0.99963149
0.05216433
18
 0.0253089
-0.0301576
-0.0941582
0.99998246 -0.00576676 -0.00135044
0.00575403 0.99994064 -0.00925239
0.00140371 0.00924445 0.99995628
0.03984357
19
 0.0253768
-0.0273048
-0.0941704
0.99987112 -0.01284384 0.00963185
0.01318497 0.99925642 -0.03623194
-0.00915933 0.03635427 0.99929699
0.04467983
20
 0.0271031
-0.0251791
-0.0941219
0.99986390 -0.01643770 0.00140699
0.01648525 0.99878983 -0.04633693
-0.00064361 0.04635382 0.99892488
0.04611988
21
 0.0271742
-0.0230493
-0.0939808
0.99971662 -0.02173467 0.00971042
0.02223257 0.99826584 -0.05450714
-0.00850889 0.05470758 0.99846616
0.04627329
22
 0.0271712
-0.0245379
-0.0939783
0.99983019 -0.01159225 0.01432525
0.01194815 0.99961571 -0.02501334
-0.01402978 0.02518025 0.99958447
0.02377204
23
 0.0274256
-0.0263399
-0.0940227
0.99989209 -0.00420714 0.01407545
0.00428080 0.99997728 -0.00520687
-0.01405322 0.00526657 0.99988738
0.02836032
24
 0.0268232
-0.0283734
-0.0939751
0.99974012 -0.00559783 0.02209889
0.00540510 0.99994692 0.00877117
-0.02214682 -0.00864945 0.99971731
0.03499642
25
  0.026066
-0.0314074
-0.0940218
0.99957379 -0.00388496 0.02893358
0.00311264 0.99963891 0.02669026
-0.02902682 -0.02658883 0.99922494
0.05486529
26
 0.0263173
-0.0304979
 -0.093875
0.99974291 -0.00667927 0.02166781
0.00679388 0.99996330 -0.00522002
-0.02163214 0.00536588 0.99975160
0.02791601
27
 0.0254459
-0.0305935
-0.0939114
0.99955236 -0.00167536 0.02987091
0.00197858 0.99994679 -0.01012442
-0.02985236 0.01017899 0.99950249
0.02696954
28
 0.0249899
 -0.031628
-0.0937301
0.99955002 -0.00468453 0.02962803
0.00472528 0.99998798 -0.00130579
-0.02962156 0.00144521 0.99956014
0.02938756
29
 0.0258369
-0.0297645
-0.0937592
0.99981356 -0.01213763 0.01501720
0.01261897 0.99939582 -0.03238437
-0.01461506 0.03256783 0.99936267
0.04325763
30
 0.0255991
-0.0270294
-0.0935112
0.99929087 -0.03207014 0.01972966
0.03325976 0.99744287 -0.06325753
-0.01765053 0.06386888 0.99780220
0.06612122
31
 0.0253117
-0.0280952
-0.0936691
0.99954491 -0.01922857 0.02324311
0.01986494 0.99942537 -0.02746491
-0.02270164 0.02791413 0.99935251
0.02684391
32
 0.0246737
-0.0293646
 -0.093617
0.99948217 -0.01128903 0.03013211
0.01147381 0.99991637 -0.00596650
-0.03006223 0.00630914 0.99952812
0.02507127
33
 0.0247354
-0.0294005
-0.0936709
0.99963039 -0.01132268 0.02471587
0.01160310 0.99986960 -0.01123196
-0.02458547 0.01151458 0.99963142
0.02642722
34
 0.0250833
-0.0301653
-0.0937201
0.99981440 -0.00647345 0.01814528
0.00653015 0.99997397 -0.00306728
-0.01812495 0.00318520 0.99983066
0.02459194
35
 0.0246624
-0.0314232
-0.0937939
0.99965517 -0.00695832 0.02532043
0.00674135 0.99993991 0.00864426
-0.02537906 -0.00847058 0.99964201
0.03363136
36
 0.0243907
-0.0322533
-0.0937635
0.99958273 -0.00818421 0.02770187
0.00793289 0.99992649 0.00916977
-0.02777488 -0.00894619 0.99957417
0.03604690
37
 0.0243344
-0.0322026
-0.0938449
0.99965233 -0.00766964 0.02522669
0.00778563 0.99995955 -0.00450267
-0.02519114 0.00469751 0.99967162
0.02823672
38
 0.0236977
-0.0313532
-0.0938543
0.99941163 -0.00901140 0.03309349
0.00981333 0.99966017 -0.02415040
-0.03286461 0.02446095 0.99916044
0.03060655
39
 0.0256202
-0.0344713
-0.0939749
0.99999982 0.00035546 -0.00049138
-0.00033989 0.99950945 0.03131670
0.00050227 -0.03131653 0.99950939
0.07082538
40
 0.0257363
-0.0345075
-0.0938324
0.99996011 -0.00230428 0.00862984
0.00222153 0.99995158 0.00958627
-0.00865151 -0.00956672 0.99991681
0.03570756
41
 0.0257457
-0.0332566
 -0.093833
0.99987881 -0.00495984 0.01475658
0.00530562 0.99971009 -0.02348608
-0.01463581 0.02356153 0.99961525
0.04424194
42
 0.0254439
-0.0323421
-0.0938909
0.99973394 -0.00674762 0.02205716
0.00753206 0.99933501 -0.03567630
-0.02180176 0.03583294 0.99911995
0.04080660
43
 0.0262917
-0.0348049
-0.0940543
0.99990376 -0.01114687 0.00825959
0.01098848 0.99975948 0.01897986
-0.00846917 -0.01888728 0.99978575
0.05483341
44
 0.0262944
-0.0337605
-0.0939561
0.99977946 -0.01581386 0.01381856
0.01603781 0.99973935 -0.01624856
-0.01355800 0.01646660 0.99977249
0.03280744
45
 0.0261157
-0.0325724
-0.0938146
0.99961946 -0.01908503 0.01991719
0.01982289 0.99909882 -0.03753127
-0.01918296 0.03791180 0.99909695
0.03529816
46
 0.0263504
-0.0325172
-0.0938789
0.99980799 -0.01269886 0.01492386
0.01309985 0.99954727 -0.02708599
-0.01457314 0.02727629 0.99952170
0.02841100
47
 0.0259001
-0.0333243
-0.0938655
0.99960054 -0.01154310 0.02579761
0.01167300 0.99991991 -0.00489046
-0.02573909 0.00518964 0.99965522
0.02173713
48
 0.0260777
 -0.034638
-0.0938621
0.99976496 -0.01006731 0.01920102
0.00972698 0.99979538 0.01773633
-0.01937565 -0.01754539 0.99965831
0.04321083
49
 0.0264248
-0.0343102
-0.0939266
0.99989885 -0.00710772 0.01231917
0.00714713 0.99996947 -0.00315837
-0.01229634 0.00324609 0.99991913
0.03666095
50
 0.0264735
-0.0344018
-0.0939707
0.99988339 -0.00374893 0.01480406
0.00384156 0.99997319 -0.00623376
-0.01478030 0.00628991 0.99987098
0.02926345
51
  0.026631
-0.0359649
-0.0939922
0.99990482 -0.00282345 0.01350489
0.00250206 0.99971465 0.02375641
-0.01356812 -0.02372036 0.99962656
0.05061675
52
 0.0263613
-0.0352678
-0.0939009
0.99973118 -0.00583005 0.02244042
0.00603835 0.99993921 -0.00922552
-0.02238527 0.00935854 0.99970562
0.02307155
53
 0.0262571
-0.0326053
-0.0936285
0.99946014 -0.02324798 0.02321571
0.02488768 0.99701876 -0.07303562
-0.02144857 0.07357398 0.99705909
0.08001872
54
  0.025788
-0.0326892
-0.0936348
0.99937520 -0.01459381 0.03219046
0.01594795 0.99898110 -0.04221881
-0.03154152 0.04270580 0.99858968
0.04650690
55
 0.0261704
-0.0316958
-0.0937104
0.99967330 -0.01827587 0.01786844
0.01921286 0.99836932 -0.05375476
-0.01685688 0.05408050 0.99839428
0.05528812
56
  0.026453
-0.0312016
-0.0936761
0.99981322 -0.01437733 0.01291599
0.01496248 0.99881028 -0.04641275
-0.01223334 0.04659734 0.99883884
0.05097129
57
 0.0267123
-0.0316654
-0.0939437
0.99987644 -0.01127415 0.01095425
0.01148574 0.99974487 -0.01944916
-0.01073218 0.01957257 0.99975084
0.06403848
58
0.0267886
-0.031098
-0.093876
0.99986056 -0.01034734 0.01310705
0.01074944 0.99946191 -0.03098924
-0.01277934 0.03112581 0.99943378
0.03281710
59
  0.026526
-0.0306834
-0.0938098
0.99969524 -0.01026004 0.02245335
0.01101797 0.99936460 -0.03389685
-0.02209130 0.03413391 0.99917308
0.02848621
60
 0.0261242
-0.0297278
 -0.093765
0.99939464 -0.01586527 0.03096209
0.01741464 0.99857574 -0.05043035
-0.03011790 0.05093901 0.99824753
0.04980317
61
    0.0261
-0.0292284
-0.0937336
0.99947762 -0.01903514 0.02611813
0.02023802 0.99870899 -0.04659152
-0.02519754 0.04709576 0.99857252
0.04631790
62
 0.0257664
 -0.028674
-0.0936703
0.99929752 -0.02020241 0.03156473
0.02170429 0.99861216 -0.04798625
-0.03055148 0.04863763 0.99834913
0.04066306
63
 0.0258335
 -0.029244
-0.0936616
0.99963761 -0.01140007 0.02438631
0.01183316 0.99977350 -0.01768989
-0.02417912 0.01797204 0.99954608
0.02288703
64
 0.0253379
-0.0307903
-0.0935953
0.99937449 -0.00625920 0.03480598
0.00542547 0.99969731 0.02399681
-0.03494564 -0.02379296 0.99910595
0.05520640
65
 0.0249392
-0.0303295
-0.0935931
0.99922055 -0.00723818 0.03880598
0.00758914 0.99993156 -0.00890432
-0.03873888 0.00919188 0.99920709
0.03428089
66
 0.0244601
-0.0295502
 -0.093517
0.99904492 -0.00751413 0.04304394
0.00908198 0.99929802 -0.03634529
-0.04274062 0.03670150 0.99841186
0.04336517
67
 0.0251562
 -0.029988
-0.0936205
0.99988570 -0.00633592 0.01372776
0.00652379 0.99988509 -0.01368405
-0.01363948 0.01377205 0.99981213
0.03389254
68
 0.0251723
-0.0296196
-0.0936216
0.99982694 -0.00805479 0.01676930
0.00850496 0.99960063 -0.02694907
-0.01654553 0.02708703 0.99949614
0.02935993
69
  0.025273
-0.0296794
-0.0937031
0.99966915 -0.01980517 0.01641153
0.02016370 0.99955512 -0.02197685
-0.01596897 0.02230050 0.99962377
0.03170360
70
 0.0259507
-0.0295239
-0.0937414
0.99983456 -0.01817277 -0.00077143
0.01814877 0.99954195 -0.02421804
0.00121119 0.02420003 0.99970640
0.04116118
71
 0.0258499
-0.0293044
-0.0937349
0.99978735 -0.01653292 0.01232564
0.01685618 0.99950400 -0.02660110
-0.01187973 0.02680321 0.99957014
0.03901956
72
 0.0257166
-0.0291932
 -0.093657
0.99970033 -0.01383112 0.02019773
0.01434415 0.99957241 -0.02548030
-0.01983667 0.02576238 0.99947126
0.01917419
73
  0.025593
-0.0302652
-0.0936874
0.99966160 -0.00909073 0.02437284
0.00880035 0.99988933 0.01199492
-0.02447918 -0.01177637 0.99963098
0.03902840
74
 0.0255126
-0.0293397
-0.0935561
0.99964191 -0.00891686 0.02522972
0.00972632 0.99943589 -0.03214493
-0.02492886 0.03237881 0.99916473
0.04347576
75
 0.0253007
-0.0286389
-0.0935329
0.99948065 -0.01039507 0.03050201
0.01185790 0.99876846 -0.04817621
-0.02996365 0.04851288 0.99837302
0.05196114
76
 0.0247825
-0.0273023
-0.0934622
0.99907751 -0.01054246 0.04162916
0.01377571 0.99684554 -0.07816135
-0.04067382 0.07866272 0.99607119
0.08266730
77
  0.024748
-0.0278256
-0.0934904
0.99940471 -0.00921730 0.03324560
0.01026714 0.99944953 -0.03154721
-0.03293652 0.03186977 0.99894920
0.03534748
78
0.0245051
-0.027695
-0.093429
0.99936295 -0.00728108 0.03493836
0.00830194 0.99954018 -0.02916334
-0.03470995 0.02943482 0.99896387
0.02847017
79
 0.0243678
-0.0282874
-0.0934028
0.99942178 -0.00821949 0.03299318
0.00837002 0.99995517 -0.00442692
-0.03295531 0.00470051 0.99944577
0.03405020
80
 0.0243892
-0.0285654
 -0.093372
0.99962642 -0.00699845 0.02642041
0.00708121 0.99997031 -0.00304020
-0.02639835 0.00322615 0.99964630
0.03014897
81
 0.0249619
-0.0299831
-0.0934439
0.99987098 -0.01482391 0.00618726
0.01458484 0.99920721 0.03704364
-0.00673148 -0.03694862 0.99929449
0.07559566
82
  0.025016
-0.0305415
-0.0935206
0.99988281 -0.01054318 0.01109948
0.01020783 0.99950232 0.02984803
-0.01140865 -0.02973123 0.99949282
0.06181552
83
 0.0247782
-0.0293197
-0.0934478
0.99944742 -0.02291860 0.02407472
0.02382587 0.99898984 -0.03810018
-0.02317720 0.03865273 0.99898388
0.04823942
84
 0.0250528
-0.0294228
-0.0934971
0.99955033 -0.02679614 0.01345787
0.02713485 0.99930264 -0.02565014
-0.01276116 0.02600378 0.99958039
0.02881240
85
 0.0249865
-0.0292947
-0.0934828
0.99966802 -0.01713508 0.01924169
0.01763878 0.99949793 -0.02632038
-0.01878102 0.02665104 0.99946836
0.02723661
86
 0.0250253
-0.0299038
-0.0934833
0.99974607 -0.01219603 0.01894843
0.01219832 0.99992560 -0.00000542
-0.01894696 0.00023656 0.99982046
0.02943662
87
  0.025041
-0.0304739
-0.0935356
0.99976742 -0.01001123 0.01910197
0.00975992 0.99986518 0.01320448
-0.01923159 -0.01301497 0.99973034
0.04447138
88
  0.025101
-0.0299026
-0.0935882
0.99971482 -0.01569609 0.01799729
0.01611513 0.99959677 -0.02337952
-0.01762307 0.02366288 0.99956465
0.03973540
89
 0.0252786
-0.0291284
-0.0935765
0.99965809 -0.02264083 0.01308020
0.02326342 0.99849879 -0.04958801
-0.01193785 0.04987535 0.99868410
0.05725929
90
  0.024968
-0.0294632
-0.0935642
0.99949564 -0.01463373 0.02818354
0.01524477 0.99965068 -0.02158949
-0.02785776 0.02200825 0.99936959
0.01899732
91
 0.0247977
-0.0291498
-0.0935661
0.99944803 -0.01264220 0.03072134
0.01362532 0.99939482 -0.03200553
-0.03029813 0.03240645 0.99901544
0.03647321
92
 0.0247914
-0.0286122
-0.0935378
0.99961501 -0.00653670 0.02696472
0.00778368 0.99889251 -0.04640214
-0.02663154 0.04659416 0.99855883
0.04372475
93
 0.0248466
 -0.028148
-0.0935779
0.99969205 -0.01141390 0.02203478
0.01248499 0.99871586 -0.04909955
-0.02144606 0.04935953 0.99855080
0.06166545
94
 0.0246227
-0.0280258
-0.0935418
0.99943915 -0.01238906 0.03111110
0.01359507 0.99915229 -0.03885704
-0.03060333 0.03925821 0.99876035
0.04224615
95
 0.0246127
-0.0281993
-0.0935416
0.99960076 -0.00950792 0.02660661
0.01009742 0.99970454 -0.02211029
-0.02638853 0.02237012 0.99940143
0.01956349
96
 0.0243596
-0.0274558
-0.0934647
0.99932274 -0.01190914 0.03481728
0.01370560 0.99856229 -0.05182197
-0.03415007 0.05226406 0.99804922
0.04950100
97
 0.0245059
-0.0278819
-0.0934497
0.99970819 -0.00919026 0.02233999
0.00957870 0.99980371 -0.01734341
-0.02217622 0.01755233 0.99959999
0.02331014
98
 0.0249184
-0.0287751
-0.0935233
0.99986197 -0.01559074 0.00574237
0.01548336 0.99971281 0.01829089
-0.00602589 -0.01819945 0.99981622
0.05971786
99
 0.0248086
-0.0289875
-0.0935313
0.99977714 -0.01199961 0.01736909
0.01182849 0.99988082 0.00992088
-0.01748606 -0.00971322 0.99979993
0.03804226
100
 0.0252956
-0.0294458
-0.0936143
0.99986880 -0.01618355 0.00068427
0.01617295 0.99977968 0.01338034
-0.00090066 -0.01336751 0.99991025
0.05834110
