1
 0.0572845
 0.0118545
-0.0772712
0.99954726 -0.02076627 0.02177219
0.02167343 0.99887014 -0.04229301
-0.02086933 0.04274574 0.99886800
0.02095823
2
 0.0504268
0.00445721
-0.0758169
0.99945965 -0.01871154 0.02702392
0.01966174 0.99918211 -0.03533445
-0.02634066 0.03584669 0.99901010
0.02026967
3
 0.0583944
-0.0139547
-0.0753081
0.99966351 -0.01819261 0.01849053
0.01846081 0.99972532 -0.01443900
-0.01822277 0.01477549 0.99972477
0.03383364
4
  0.0530259
-0.00528192
 -0.0744747
0.99952222 -0.01622204 0.02630944
0.01703728 0.99937217 -0.03106456
-0.02578899 0.03149795 0.99917106
0.04310864
5
 0.0386899
0.00960839
-0.0738293
0.99845054 -0.01856824 0.05245708
0.02163138 0.99805641 -0.05844224
-0.05126996 0.05948641 0.99691161
0.04005230
6
  0.0408461
-0.00192777
 -0.0748153
0.99915014 -0.00980107 0.04003667
0.01072242 0.99968111 -0.02286294
-0.03979982 0.02327280 0.99893661
0.02673089
7
 0.0390427
0.00770099
-0.0751162
0.99904374 -0.01433726 0.04130443
0.01649623 0.99848928 -0.05241205
-0.04049058 0.05304330 0.99777098
0.03398480
8
 0.0404634
0.00327668
-0.0750196
0.99924093 -0.01903084 0.03399105
0.02011462 0.99929080 -0.03183230
-0.03336115 0.03249185 0.99891507
0.02169180
9
  0.0381923
-0.00121038
  -0.075331
0.99904774 -0.01025958 0.04240697
0.01102243 0.99978091 -0.01779417
-0.04221512 0.01824465 0.99894195
0.03019982
10
  0.0397944
-0.00940842
 -0.0754022
0.99941133 -0.00410146 0.03406132
0.00393952 0.99998062 0.00482010
-0.03408043 -0.00468307 0.99940812
0.05426679
11
 0.0422584
-0.0170732
-0.0749615
0.99969630 -0.00712678 0.02359051
0.00658605 0.99971561 0.02292013
-0.02374714 -0.02275780 0.99945893
0.06728610
12
 0.0415546
-0.0214979
-0.0750883
0.99944482 -0.00963927 0.03189251
0.00891359 0.99969989 0.02281842
-0.03210289 -0.02252148 0.99923080
0.05275305
13
 0.0413849
-0.0172129
-0.0757489
0.99936922 -0.01118328 0.03370616
0.01181309 0.99975825 -0.01854446
-0.03349063 0.01893094 0.99925972
0.03301252
14
 0.0422282
-0.0232339
-0.0755805
0.99955440 -0.00924618 0.02838157
0.00888839 0.99987976 0.01270669
-0.02849565 -0.01244876 0.99951640
0.04124718
15
 0.0426395
-0.0198375
-0.0751658
0.99950362 -0.01404204 0.02820166
0.01457928 0.99971440 -0.01893556
-0.02792771 0.01933732 0.99942289
0.04289914
16
 0.0417416
-0.0191495
-0.0752223
0.99922307 -0.01397555 0.03685032
0.01479249 0.99964874 -0.02199045
-0.03653004 0.02251847 0.99907881
0.02682706
17
  0.041817
-0.0179849
-0.0751069
0.99932274 -0.01341914 0.03426352
0.01436510 0.99951822 -0.02751300
-0.03387781 0.02798656 0.99903406
0.01918012
18
 0.0422447
-0.0208196
-0.0747158
0.99947161 -0.01269177 0.02992354
0.01277582 0.99991496 -0.00261910
-0.02988775 0.00300001 0.99954876
0.04377910
19
 0.0425333
-0.0232002
-0.0748507
0.99959462 -0.00658762 0.02769842
0.00638077 0.99995114 0.00754969
-0.02774680 -0.00736989 0.99958781
0.04801161
20
 0.0444312
-0.0261285
-0.0748731
0.99986481 -0.00569334 0.01542539
0.00538654 0.99978829 0.01985853
-0.01553519 -0.01977275 0.99968380
0.06377467
21
 0.0444155
-0.0293821
-0.0748632
0.99971749 -0.00643559 0.02288067
0.00573185 0.99951250 0.03069063
-0.02306702 -0.03055081 0.99926701
0.06617439
22
 0.0446846
-0.0286211
-0.0750621
0.99963073 -0.01082757 0.02492341
0.01072457 0.99993340 0.00426255
-0.02496790 -0.00399368 0.99968028
0.03006682
23
 0.0431385
-0.0267826
-0.0750051
0.99909411 -0.01152722 0.04096445
0.01232289 0.99973925 -0.01922424
-0.04073216 0.01971163 0.99897565
0.02910089
24
 0.0428048
-0.0259496
-0.0750829
0.99915018 -0.01223658 0.03935966
0.01317980 0.99962998 -0.02379470
-0.03905394 0.02429323 0.99894175
0.02976677
25
 0.0428634
-0.0249339
-0.0748602
0.99929234 -0.01557130 0.03423979
0.01649087 0.99950637 -0.02674060
-0.03380651 0.02728632 0.99905584
0.04558263
26
 0.0415481
-0.0222835
-0.0748048
0.99884531 -0.01293650 0.04626772
0.01510706 0.99878650 -0.04687531
-0.04560517 0.04752016 0.99782864
0.04963853
27
 0.0415382
-0.0218444
-0.0747276
0.99912664 -0.01532720 0.03887211
0.01667692 0.99926074 -0.03463880
-0.03831246 0.03525682 0.99864364
0.05259034
28
  0.041907
-0.0203483
-0.0747167
0.99921122 -0.02126721 0.03353560
0.02263822 0.99890073 -0.04104695
-0.03262578 0.04177376 0.99859427
0.04570642
29
 0.0413403
  -0.01852
-0.0746772
0.99904728 -0.01948705 0.03904854
0.02141018 0.99854697 -0.04945251
-0.03802812 0.05024144 0.99801286
0.04724106
30
 0.0412003
-0.0147279
-0.0746842
0.99875961 -0.03250557 0.03771779
0.03538687 0.99629193 -0.07842291
-0.03502875 0.07966035 0.99620641
0.07819906
31
 0.0413628
-0.0167074
 -0.074772
0.99926265 -0.01949225 0.03307875
0.02039146 0.99942560 -0.02706759
-0.03253214 0.02772215 0.99908615
0.02101191
32
 0.0408251
-0.0151389
-0.0748313
0.99910433 -0.01502103 0.03955892
0.01672606 0.99892950 -0.04312872
-0.03886873 0.04375176 0.99828603
0.03676425
33
 0.0406536
-0.0160683
-0.0749971
0.99920680 -0.00958015 0.03865214
0.01038384 0.99973292 -0.02064602
-0.03844403 0.02103101 0.99903942
0.02340135
34
 0.0398783
-0.0144188
-0.0748537
0.99884040 -0.01183454 0.04666695
0.01386487 0.99896044 -0.04342583
-0.04610451 0.04402250 0.99796613
0.03704228
35
 0.0394139
-0.0141575
-0.0748154
0.99886130 -0.01045310 0.04654928
0.01215281 0.99926406 -0.03638210
-0.04613472 0.03690638 0.99825323
0.03141670
36
 0.0395382
-0.0134049
-0.0748377
0.99916769 -0.01115877 0.03923543
0.01272687 0.99912077 -0.03994647
-0.03875518 0.04041256 0.99843120
0.02832820
37
 0.0396784
-0.0130121
-0.0748021
0.99931990 -0.01283226 0.03456969
0.01411337 0.99921288 -0.03707322
-0.03406675 0.03753590 0.99871443
0.02588949
38
 0.0392588
-0.0130385
-0.0747731
0.99912650 -0.01254003 0.03986195
0.01374332 0.99945369 -0.03005726
-0.03946326 0.03057884 0.99875302
0.02014405
39
 0.0392949
-0.0122543
-0.0747308
0.99925095 -0.01493112 0.03570153
0.01625072 0.99918453 -0.03696190
-0.03512054 0.03751438 0.99867874
0.05034949
40
 0.0393485
-0.0120496
-0.0747459
0.99933343 -0.01139689 0.03468155
0.01254418 0.99937514 -0.03304491
-0.03428327 0.03345793 0.99885195
0.02038827
41
0.0390357
-0.013447
-0.074757
0.99915506 -0.01071021 0.03967939
0.01097498 0.99991890 -0.00646098
-0.03960697 0.00689101 0.99919157
0.02787965
42
 0.0388318
-0.0141265
-0.0748182
0.99910299 -0.01230685 0.04051865
0.01247794 0.99991426 -0.00397221
-0.04046629 0.00447424 0.99917089
0.03566678
43
 0.0388658
-0.0142868
-0.0749189
0.99923202 -0.01190220 0.03733228
0.01229782 0.99987044 -0.01038564
-0.03720383 0.01083677 0.99924894
0.02337838
44
 0.0388104
-0.0135231
 -0.075021
0.99921067 -0.01405533 0.03715499
0.01517988 0.99942983 -0.03015944
-0.03670990 0.03069964 0.99885430
0.02150656
45
 0.0387493
-0.0140998
 -0.075122
0.99926009 -0.00599213 0.03799164
0.00663336 0.99983729 -0.01677458
-0.03788494 0.01701418 0.99913725
0.02806256
46
 0.0386829
-0.0130874
-0.0750653
0.99918762 -0.01378176 0.03787026
0.01517132 0.99921286 -0.03665370
-0.03733530 0.03719847 0.99861021
0.02947920
47
 0.0388139
-0.0138052
-0.0751021
0.99936761 -0.01253325 0.03327595
0.01310422 0.99976968 -0.01699630
-0.03305527 0.01742161 0.99930167
0.01907225
48
 0.0383373
-0.0142591
-0.0752114
0.99893411 -0.01317586 0.04423835
0.01369902 0.99983953 -0.01154359
-0.04407916 0.01213731 0.99895431
0.03460862
49
 0.0373939
-0.0125752
-0.0751111
0.99830942 -0.00964175 0.05731791
0.01246880 0.99871254 -0.04917110
-0.05677002 0.04980266 0.99714435
0.04967101
50
 0.0368675
-0.0132077
-0.0751861
0.99830932 -0.01188334 0.05689716
0.01326605 0.99962427 -0.02398619
-0.05659074 0.02470044 0.99809187
0.03542454
51
 0.0369999
-0.0133955
-0.0751967
0.99898763 -0.00717633 0.04440967
0.00809025 0.99975847 -0.02043401
-0.04425230 0.02077261 0.99880440
0.02885403
52
 0.0369731
-0.0142615
-0.0752338
0.99916296 -0.00709841 0.04028628
0.00726689 0.99996545 -0.00403693
-0.04025623 0.00432631 0.99918002
0.03060787
53
  0.037284
-0.0144529
-0.0752183
0.99940133 -0.01293661 0.03208784
0.01321404 0.99987699 -0.00844914
-0.03197459 0.00886809 0.99944934
0.02435659
54
  0.037103
-0.0151694
-0.0752355
0.99922353 -0.00991748 0.03813114
0.00992350 0.99995076 0.00003121
-0.03812957 0.00034721 0.99927274
0.03289389
55
 0.0370132
-0.0140367
-0.0752509
0.99911512 -0.01474028 0.03939164
0.01605885 0.99931406 -0.03336939
-0.03887275 0.03397244 0.99866650
0.02574631
56
 0.0370206
-0.0129247
-0.0751514
0.99907085 -0.01940076 0.03848425
0.02137154 0.99844544 -0.05147775
-0.03742572 0.05225239 0.99793236
0.04284920
57
 0.0370389
-0.0131566
-0.0751667
0.99923072 -0.01176618 0.03741032
0.01299249 0.99938051 -0.03270762
-0.03700230 0.03316851 0.99876458
0.02164807
58
 0.0374037
-0.0130852
 -0.075142
0.99954691 -0.01061922 0.02816409
0.01141682 0.99953394 -0.02831181
-0.02785031 0.02862052 0.99920229
0.04244806
59
  0.037659
-0.0141034
-0.0749735
0.99960983 -0.01137171 0.02551226
0.01140993 0.99993399 -0.00135307
-0.02549518 0.00164363 0.99967359
0.04927647
60
 0.0375765
-0.0133746
-0.0748217
0.99940178 -0.01465447 0.03132622
0.01551677 0.99950238 -0.02746318
-0.03090818 0.02793283 0.99913184
0.02892396
61
 0.0379232
-0.0150438
-0.0749013
0.99967231 -0.00350152 0.02535780
0.00312550 0.99988480 0.01485326
-0.02540689 -0.01476914 0.99956809
0.07016342
62
 0.0379331
-0.0127331
-0.0748212
0.99937685 -0.01978048 0.02923443
0.02147691 0.99803273 -0.05890178
-0.02801181 0.05949294 0.99783562
0.05029915
63
 0.0372726
-0.0118322
-0.0748592
0.99868047 -0.01834504 0.04796644
0.02136996 0.99776377 -0.06333077
-0.04669737 0.06427225 0.99683922
0.05664550
64
 0.0370759
-0.0114956
-0.0748527
0.99878905 -0.01407612 0.04714117
0.01655386 0.99847903 -0.05258888
-0.04632922 0.05330556 0.99750294
0.04278406
65
 0.0368791
-0.0112434
-0.0748656
0.99880261 -0.01673337 0.04597114
0.01875401 0.99886073 -0.04388078
-0.04518450 0.04469038 0.99797852
0.03648594
66
 0.0368632
-0.0118797
-0.0749557
0.99904679 -0.01006133 0.04247673
0.01084021 0.99977657 -0.01814636
-0.04228467 0.01858952 0.99893265
0.02601129
67
 0.0369456
-0.0128599
-0.0749726
0.99921357 -0.00932896 0.03853843
0.00916942 0.99994865 0.00431465
-0.03857670 -0.00395788 0.99924780
0.04569150
68
 0.0371472
-0.0126557
-0.0748941
0.99938723 -0.01409691 0.03203827
0.01455632 0.99979390 -0.01415166
-0.03183217 0.01460934 0.99938645
0.01990874
69
 0.0369402
-0.0125323
-0.0749137
0.99913608 -0.01055225 0.04019629
0.01151677 0.99964945 -0.02383986
-0.03993063 0.02428220 0.99890736
0.02855661
70
 0.0372093
-0.0128347
-0.0749929
0.99945912 -0.00774454 0.03196072
0.00821972 0.99985723 -0.01476308
-0.03184183 0.01501781 0.99938009
0.04982434
71
 0.0372808
-0.0129063
-0.0749013
0.99940529 -0.01385918 0.03157516
0.01434816 0.99977980 -0.01531269
-0.03135598 0.01575663 0.99938408
0.04010536
72
 0.0369543
-0.0119088
-0.0748612
0.99887626 -0.02052991 0.04271698
0.02252880 0.99864780 -0.04685118
-0.04169736 0.04776089 0.99798809
0.03744620
73
 0.0367874
-0.0121502
-0.0749036
0.99884134 -0.01774605 0.04473318
0.01900618 0.99942991 -0.02790392
-0.04421249 0.02872179 0.99860919
0.02583529
74
 0.0368808
  -0.01221
-0.0748982
0.99920606 -0.01376136 0.03738809
0.01466657 0.99960327 -0.02404570
-0.03704236 0.02457496 0.99901148
0.01928885
75
 0.0368836
-0.0117679
-0.0748677
0.99918995 -0.01588227 0.03697563
0.01721406 0.99920414 -0.03598291
-0.03637471 0.03659026 0.99866813
0.02623894
76
 0.0369756
-0.0122381
-0.0748806
0.99933990 -0.01155453 0.03444218
0.01210909 0.99979968 -0.01593635
-0.03425114 0.01634290 0.99927963
0.02033343
77
 0.0369433
-0.0121515
-0.0748837
0.99924265 -0.01249634 0.03685064
0.01333366 0.99965647 -0.02256453
-0.03655601 0.02303879 0.99906600
0.02104579
78
 0.0375121
-0.0132994
-0.0748473
0.99978097 -0.00653341 0.01988260
0.00630569 0.99991406 0.01149423
-0.01995599 -0.01136634 0.99973625
0.06321704
79
 0.0374405
-0.0133788
-0.0748412
0.99950562 -0.00949064 0.02997405
0.00961971 0.99994506 -0.00416496
-0.02993288 0.00445125 0.99954200
0.03979266
80
  0.037522
-0.0127839
-0.0748533
0.99939491 -0.01662253 0.03055342
0.01756915 0.99936559 -0.03097972
-0.03001907 0.03149777 0.99905292
0.02430955
81
 0.0378273
-0.0138743
-0.0748039
0.99960941 -0.01495872 0.02360665
0.01478444 0.99986228 0.00753988
-0.02371619 -0.00718792 0.99969289
0.04432451
82
 0.0380837
-0.0142635
-0.0748701
0.99968753 -0.01197219 0.02194342
0.01188353 0.99992071 0.00416629
-0.02199156 -0.00390422 0.99975053
0.04849756
83
 0.0383537
-0.0141537
-0.0748986
0.99972304 -0.01131344 0.02063628
0.01158570 0.99984678 -0.01312195
-0.02048466 0.01335740 0.99970093
0.03738345
84
 0.0382451
-0.0131976
-0.0748498
0.99936977 -0.01569327 0.03183984
0.01721941 0.99868744 -0.04823792
-0.03104104 0.04875578 0.99832827
0.03954306
85
 0.0381695
-0.0137573
-0.0748542
0.99933827 -0.01009395 0.03494475
0.01068599 0.99980181 -0.01679727
-0.03476828 0.01715957 0.99924808
0.02174744
86
  0.037949
-0.0129951
-0.0748785
0.99902520 -0.01185758 0.04252112
0.01380419 0.99885606 -0.04578225
-0.04192961 0.04632459 0.99804606
0.03668155
87
 0.0384368
 -0.014259
-0.0747905
0.99967964 -0.00952178 0.02345127
0.00932146 0.99991926 0.00863670
-0.02353161 -0.00841533 0.99968767
0.05860692
88
 0.0385127
-0.0143661
-0.0748049
0.99956973 -0.01116874 0.02712214
0.01126451 0.99993084 -0.00338084
-0.02708251 0.00368491 0.99962641
0.03341438
89
 0.0387294
-0.0139491
-0.0748606
0.99952024 -0.01873120 0.02466646
0.01942104 0.99941839 -0.02803049
-0.02412706 0.02849609 0.99930269
0.03537324
90
 0.0388669
-0.0137082
-0.0747971
0.99950450 -0.01933723 0.02483616
0.02014426 0.99926330 -0.03266585
-0.02418620 0.03314997 0.99915770
0.03276777
91
 0.0389259
-0.0139786
-0.0748718
0.99946052 -0.01766972 0.02768499
0.01815544 0.99968389 -0.01739248
-0.02736892 0.01788573 0.99946538
0.02140106
92
 0.0388212
-0.0136491
 -0.074864
0.99928142 -0.01357639 0.03538807
0.01472437 0.99936705 -0.03238359
-0.03492602 0.03288139 0.99884883
0.03138335
93
 0.0385247
-0.0131649
-0.0748504
0.99880826 -0.01290316 0.04706972
0.01502139 0.99887722 -0.04492948
-0.04643714 0.04558299 0.99788065
0.04070393
94
 0.0385016
 -0.012538
-0.0748129
0.99895517 -0.01766562 0.04214854
0.02000604 0.99824329 -0.05576824
-0.04108931 0.05655320 0.99755371
0.05070643
95
 0.0383566
-0.0119049
-0.0748133
0.99891582 -0.01474717 0.04415554
0.01748545 0.99790524 -0.06228478
-0.04314453 0.06298933 0.99708119
0.05547630
96
 0.0381066
-0.0118264
-0.0748248
0.99867479 -0.01287991 0.04982736
0.01517652 0.99882656 -0.04599105
-0.04917653 0.04668631 0.99769838
0.04116160
97
 0.0380293
 -0.011533
-0.0748233
0.99879527 -0.02002837 0.04479819
0.02205854 0.99873019 -0.04529277
-0.04383416 0.04622639 0.99796878
0.03837361
98
 0.0378306
-0.0113828
-0.0748849
0.99871298 -0.01513451 0.04840804
0.01710254 0.99903305 -0.04050269
-0.04774825 0.04127846 0.99800611
0.03485010
99
  0.037558
-0.0106552
-0.0748819
0.99845273 -0.01725632 0.05286177
0.02042909 0.99798449 -0.06008007
-0.05171847 0.06106703 0.99679287
0.05492931
100
 0.0376627
-0.0108192
-0.0749317
0.99903506 -0.01789502 0.04010892
0.01931446 0.99919060 -0.03528603
-0.03944501 0.03602667 0.99857207
0.04618244
