1
 0.0481727
-0.0110301
-0.0758126
0.99948504 -0.01733660 0.02700192
0.01798417 0.99955193 -0.02392736
-0.02657500 0.02440065 0.99934898
0.02083201
2
 0.0623165
-0.0209786
 -0.077857
0.99970004 -0.01815366 0.01643999
0.01842695 0.99969195 -0.01662701
-0.01613309 0.01692496 0.99972660
0.03119308
3
  0.060243
-0.0394392
-0.0742845
0.99974806 -0.01216770 0.01886180
0.01207381 0.99991419 0.00508366
-0.01892204 -0.00485464 0.99980918
0.02411348
4
 0.0528816
-0.0289821
-0.0740856
0.99949236 -0.01198350 0.02951994
0.01239497 0.99982801 -0.01379535
-0.02934955 0.01415425 0.99946899
0.02384682
5
 0.0488507
-0.0460889
-0.0734493
0.99937644 -0.00813308 0.03435953
0.00736687 0.99972266 0.02236799
-0.03453192 -0.02210092 0.99915919
0.03069802
6
 0.0484211
-0.0375875
-0.0736451
0.99941803 -0.01149409 0.03211685
0.01174761 0.99990122 -0.00771603
-0.03202499 0.00808883 0.99945434
0.02346289
7
 0.0459699
 -0.047941
-0.0739409
0.99921712 -0.01186417 0.03774106
0.01092517 0.99962801 0.02498975
-0.03802350 -0.02455786 0.99897504
0.03161999
8
 0.0462398
-0.0460014
-0.0741627
0.99938883 -0.01107677 0.03315537
0.01079174 0.99990337 0.00876344
-0.03324923 -0.00840028 0.99941179
0.01981552
9
 0.0475055
-0.0512715
-0.0738581
0.99959993 -0.00878275 0.02688575
0.00809571 0.99964058 0.02555713
-0.02710055 -0.02532925 0.99931176
0.03559469
10
  0.049567
-0.0564773
-0.0742069
0.99978856 -0.00139920 0.02051523
0.00062850 0.99929547 0.03752544
-0.02055328 -0.03750461 0.99908506
0.04858693
11
 0.0494368
-0.0535124
-0.0741684
0.99968721 -0.00729155 0.02392316
0.00700429 0.99990263 0.01206960
-0.02400884 -0.01189826 0.99964094
0.02881690
12
 0.0493546
 -0.056505
-0.0744304
0.99960816 -0.00594776 0.02735252
0.00526175 0.99967150 0.02508399
-0.02749273 -0.02493024 0.99931108
0.02923620
13
 0.0498353
-0.0566843
 -0.074508
0.99965236 -0.00831525 0.02502028
0.00782462 0.99977642 0.01964378
-0.02517803 -0.01944118 0.99949393
0.01874306
14
 0.0488712
-0.0522766
-0.0747989
0.99947291 -0.00950359 0.03104179
0.00978209 0.99991315 -0.00883228
-0.03095516 0.00913128 0.99947906
0.02856976
15
 0.0486648
-0.0525285
-0.0744575
0.99948361 -0.01044907 0.03038620
0.01037516 0.99994283 0.00258889
-0.03041151 -0.00227229 0.99953488
0.03306690
16
 0.0514304
-0.0553025
-0.0747218
0.99990297 -0.00530047 0.01288209
0.00501283 0.99973967 0.02225898
-0.01299671 -0.02219224 0.99966924
0.03724886
17
  0.051507
-0.0524115
-0.0744866
0.99979903 -0.00942201 0.01769527
0.00947304 0.99995120 -0.00280248
-0.01766800 0.00296954 0.99983950
0.02373095
18
 0.0508632
-0.0538447
-0.0743641
0.99964544 -0.00810593 0.02536328
0.00776538 0.99987876 0.01349679
-0.02546961 -0.01329505 0.99958719
0.02688692
19
 0.0505016
-0.0545079
-0.0745694
0.99954755 -0.01024388 0.02828017
0.00977978 0.99981602 0.01650071
-0.02844400 -0.01621667 0.99946384
0.01960093
20
  0.050604
-0.0492804
-0.0745784
0.99946026 -0.01967820 0.02630516
0.02039457 0.99942063 -0.02724804
-0.02575373 0.02776982 0.99928253
0.05321551
21
 0.0524284
-0.0476662
-0.0748728
0.99964910 -0.02379672 0.01163564
0.02407118 0.99942101 -0.02404621
-0.01105668 0.02431786 0.99964313
0.04724393
22
 0.0517536
-0.0442791
-0.0749471
0.99947182 -0.02225744 0.02367883
0.02316562 0.99897853 -0.03879751
-0.02279111 0.03932555 0.99896650
0.06163074
23
  0.052892
 -0.049134
-0.0745536
0.99983329 -0.01064459 0.01483544
0.01026218 0.99961910 0.02561902
-0.01510249 -0.02546251 0.99956169
0.04379061
24
 0.0520648
-0.0497426
-0.0746173
0.99954721 -0.01147360 0.02781589
0.01086910 0.99970355 0.02178704
-0.02805762 -0.02147484 0.99937561
0.03040471
25
 0.0526942
-0.0517415
-0.0744564
0.99970274 -0.01339863 0.02036932
0.01269347 0.99932883 0.03436239
-0.02081606 -0.03409362 0.99920184
0.04163796
26
 0.0515051
-0.0527106
-0.0740644
0.99938207 -0.00961182 0.03380956
0.00855242 0.99947217 0.03134054
-0.03409295 -0.03103202 0.99893678
0.03526410
27
  0.051019
-0.0482466
-0.0743484
0.99926342 -0.01550844 0.03510134
0.01646218 0.99949860 -0.02704709
-0.03466428 0.02760501 0.99901769
0.05328725
28
 0.0516945
-0.0477422
-0.0743271
0.99957964 -0.01668968 0.02370656
0.01708254 0.99971847 -0.01646707
-0.02342505 0.01686512 0.99958333
0.03368283
29
 0.0514508
-0.0472792
-0.0742542
0.99948828 -0.01719685 0.02697133
0.01746608 0.99979964 -0.00977847
-0.02679776 0.01024455 0.99958838
0.02869060
30
 0.0522213
-0.0493175
-0.0740469
0.99977720 -0.01259951 0.01693504
0.01222764 0.99968570 0.02188572
-0.01720547 -0.02167376 0.99961704
0.03056325
31
 0.0512333
-0.0489629
-0.0741577
0.99942201 -0.01049336 0.03233472
0.01018100 0.99990006 0.00980952
-0.03243443 -0.00947465 0.99942896
0.02346414
32
 0.0512253
-0.0512412
-0.0741182
0.99956089 -0.00632411 0.02894872
0.00526813 0.99932306 0.03640982
-0.02915938 -0.03624133 0.99891756
0.04114208
33
 0.0508043
-0.0492454
-0.0742301
0.99936524 -0.01505086 0.03228905
0.01519546 0.99987556 -0.00423760
-0.03222126 0.00472556 0.99946959
0.02807132
34
 0.0507409
-0.0481054
-0.0741436
0.99943808 -0.01691380 0.02893875
0.01732280 0.99975274 -0.01394165
-0.02869579 0.01443512 0.99948396
0.03549991
35
 0.0503972
-0.0486745
-0.0742791
0.99938435 -0.01271728 0.03269861
0.01260078 0.99991351 0.00376656
-0.03274368 -0.00335221 0.99945816
0.02488062
36
 0.0504473
 -0.049628
-0.0742681
0.99947815 -0.01466902 0.02877944
0.01413558 0.99972610 0.01865209
-0.02904517 -0.01823554 0.99941175
0.02491043
37
 0.0502523
-0.0483143
-0.0743214
0.99944013 -0.01449552 0.03015464
0.01469530 0.99987144 -0.00641429
-0.03005778 0.00685383 0.99952466
0.03008071
38
 0.0507183
-0.0449037
-0.0744327
0.99958987 -0.01826345 0.02205770
0.01940147 0.99843078 -0.05253149
-0.02106368 0.05293789 0.99837563
0.07582642
39
 0.0502674
-0.0450673
-0.0744041
0.99932879 -0.01927339 0.03115293
0.01995974 0.99956150 -0.02187281
-0.03071770 0.02247993 0.99927528
0.04017213
40
0.0506052
-0.046546
-0.074214
0.99960608 -0.01533267 0.02350728
0.01497659 0.99977155 0.01524981
-0.02373573 -0.01489175 0.99960735
0.02812887
41
 0.0504936
-0.0476021
 -0.074197
0.99955117 -0.01375062 0.02661530
0.01302857 0.99954741 0.02711526
-0.02697610 -0.02675633 0.99927793
0.03332765
42
 0.0506032
-0.0471604
-0.0741766
0.99958285 -0.01491187 0.02473396
0.01469700 0.99985286 0.00884635
-0.02486223 -0.00847915 0.99965493
0.02266845
43
 0.0507141
 -0.046746
-0.0741142
0.99961185 -0.01512378 0.02339709
0.01510101 0.99988531 0.00114930
-0.02341179 -0.00079554 0.99972559
0.03398970
44
 0.0501765
 -0.045616
-0.0741433
0.99932778 -0.01449178 0.03367442
0.01508790 0.99973273 -0.01751629
-0.03341157 0.01801259 0.99927935
0.03382326
45
 0.0502149
-0.0477604
 -0.074117
0.99946333 -0.01174318 0.03058010
0.01078043 0.99944688 0.03145989
-0.03093262 -0.03111334 0.99903710
0.04186656
46
 0.0511004
 -0.049294
-0.0741701
0.99986643 -0.00913029 0.01355575
0.00850487 0.99892821 0.04549836
-0.01395663 -0.04537699 0.99887243
0.06341132
47
 0.0511739
-0.0490792
-0.0741871
0.99977576 -0.01125407 0.01793797
0.01086185 0.99970302 0.02181516
-0.01817815 -0.02161543 0.99960108
0.02745671
48
0.0508261
-0.048391
-0.074212
0.99949542 -0.01464832 0.02818401
0.01459715 0.99989142 0.00202022
-0.02821055 -0.00160779 0.99960071
0.01893158
49
   0.05096
-0.0488004
-0.0741913
0.99963144 -0.01140849 0.02463401
0.01112123 0.99986892 0.01176677
-0.02476502 -0.01148847 0.99962728
0.01867556
50
 0.0509018
-0.0494543
-0.0742088
0.99958609 -0.01154288 0.02635167
0.01098864 0.99971738 0.02108115
-0.02658756 -0.02078286 0.99943042
0.02601486
51
 0.0506838
-0.0487421
-0.0741299
0.99946921 -0.01271310 0.02999465
0.01276625 0.99991726 -0.00158100
-0.02997206 0.00196308 0.99954881
0.02161299
52
 0.0514256
-0.0479245
  -0.07415
0.99977708 -0.01619473 0.01354736
0.01637136 0.99978107 -0.01303023
-0.01333337 0.01324912 0.99982333
0.04165128
53
 0.0513141
-0.0473737
-0.0742001
0.99970876 -0.00982181 0.02204364
0.01016584 0.99982742 -0.01554919
-0.02188712 0.01576876 0.99963608
0.03552888
54
 0.0513931
-0.0478832
-0.0741424
0.99975375 -0.00608157 0.02134139
0.00596116 0.99996598 0.00570089
-0.02137534 -0.00557227 0.99975599
0.02790544
55
 0.0513519
-0.0480037
-0.0741524
0.99967129 -0.00838464 0.02422813
0.00818556 0.99993201 0.00830464
-0.02429612 -0.00810359 0.99967196
0.01571111
56
 0.0512331
-0.0476378
-0.0742063
0.99948223 -0.01740892 0.02705912
0.01748307 0.99984402 -0.00250626
-0.02701126 0.00297804 0.99963069
0.04755680
57
 0.0512274
-0.0455795
 -0.074319
0.99928762 -0.02655023 0.02682032
0.02777248 0.99854250 -0.04627712
-0.02555256 0.04698902 0.99856852
0.06864868
58
 0.0514548
-0.0464033
-0.0743021
0.99962715 -0.01696583 0.02139462
0.01702849 0.99985122 -0.00275006
-0.02134478 0.00311336 0.99976733
0.02530004
59
 0.0513195
-0.0466113
-0.0744156
0.99948756 -0.01635618 0.02751531
0.01621066 0.99985345 0.00550359
-0.02760129 -0.00505472 0.99960623
0.03182906
60
 0.0511302
-0.0454714
-0.0744437
0.99945580 -0.01142009 0.03094649
0.01208756 0.99969646 -0.02146811
-0.03069192 0.02183049 0.99929047
0.04262235
61
 0.0508931
-0.0445505
-0.0745762
0.99934149 -0.01274314 0.03397360
0.01379955 0.99942275 -0.03104416
-0.03355839 0.03149254 0.99894047
0.04878013
62
 0.0509762
 -0.043887
-0.0745767
0.99952037 -0.01261329 0.02828303
0.01347495 0.99944440 -0.03048470
-0.02788281 0.03085119 0.99913500
0.05105911
63
 0.0505187
-0.0432267
-0.0745891
0.99917400 -0.01305403 0.03848251
0.01427951 0.99939402 -0.03174412
-0.03804480 0.03226741 0.99875493
0.05016570
64
 0.0505713
-0.0430587
-0.0746133
0.99935581 -0.01697246 0.03162132
0.01761946 0.99963875 -0.02029578
-0.03126543 0.02083985 0.99929384
0.03446539
65
 0.0504445
-0.0428874
 -0.074559
0.99939960 -0.01389770 0.03173790
0.01435094 0.99979763 -0.01409774
-0.03153555 0.01454475 0.99939680
0.03055526
66
 0.0501858
-0.0428171
-0.0745978
0.99932103 -0.00956905 0.03557974
0.00992197 0.99990318 -0.00975600
-0.03548294 0.01010239 0.99931922
0.02669369
67
  0.049899
-0.0414208
-0.0746654
0.99916923 -0.01414453 0.03822030
0.01574010 0.99900312 -0.04177328
-0.03759134 0.04234017 0.99839581
0.06042157
68
 0.0502352
-0.0424267
-0.0745787
0.99968383 -0.00869463 0.02359340
0.00852334 0.99993666 0.00735092
-0.02365582 -0.00714750 0.99969461
0.02818212
69
 0.0503655
-0.0434735
-0.0744163
0.99969263 -0.01203848 0.02167304
0.01132478 0.99939918 0.03275705
-0.02205436 -0.03250154 0.99922833
0.05071457
70
 0.0502863
-0.0433073
-0.0745208
0.99960661 -0.00833402 0.02678012
0.00799993 0.99988914 0.01255848
-0.02688181 -0.01233930 0.99956246
0.02487280
71
 0.0500093
-0.0434737
-0.0745052
0.99937279 -0.00723638 0.03466490
0.00685807 0.99991576 0.01101972
-0.03474173 -0.01077507 0.99933824
0.02987085
72
 0.0501242
-0.0436093
-0.0744772
0.99950826 -0.01548593 0.02726574
0.01520526 0.99982956 0.01047121
-0.02742325 -0.01005148 0.99957338
0.02607633
73
 0.0499028
-0.0438618
-0.0744902
0.99928012 -0.01836759 0.03319437
0.01794124 0.99975326 0.01309677
-0.03342674 -0.01249180 0.99936310
0.03889741
74
   0.04965
-0.0429934
-0.0745158
0.99916823 -0.01758299 0.03679237
0.01825173 0.99967283 -0.01791967
-0.03646525 0.01857628 0.99916225
0.03260509
75
 0.0500294
-0.0433622
-0.0744919
0.99961529 -0.01802322 0.02108187
0.01794273 0.99983101 0.00400098
-0.02115042 -0.00362117 0.99976975
0.02827393
76
 0.0499406
-0.0421935
 -0.074541
0.99946137 -0.01971340 0.02623641
0.02054092 0.99928778 -0.03165446
-0.02559371 0.03217633 0.99915447
0.04711100
77
  0.049834
-0.0426433
-0.0745891
0.99945591 -0.01420200 0.02976877
0.01426819 0.99989618 -0.00201231
-0.02973710 0.00243597 0.99955479
0.03128030
78
 0.0499121
-0.0424308
 -0.074582
0.99957925 -0.01370014 0.02556604
0.01388539 0.99987851 -0.00708268
-0.02546590 0.00743470 0.99964804
0.02327503
79
 0.0501631
-0.0420303
-0.0745003
0.99969677 -0.01668758 0.01810762
0.01695948 0.99974415 -0.01496724
-0.01785322 0.01526980 0.99972401
0.03293833
80
 0.0498235
 -0.042092
-0.0745303
0.99936965 -0.01373942 0.03273438
0.01392362 0.99988845 -0.00540587
-0.03265646 0.00585824 0.99944947
0.02399915
81
 0.0498924
 -0.042094
-0.0744749
0.99949846 -0.01558457 0.02756708
0.01565500 0.99987471 -0.00234102
-0.02752714 0.00277141 0.99961721
0.02321487
82
 0.0499746
-0.0421437
-0.0744132
0.99957402 -0.01697468 0.02374115
0.01693307 0.99985472 0.00195233
-0.02377084 -0.00154949 0.99971623
0.02821788
83
 0.0501253
-0.0417218
-0.0743595
0.99956631 -0.02147806 0.02014656
0.02172272 0.99969196 -0.01200488
-0.01988251 0.01243731 0.99972496
0.02955489
84
 0.0501752
-0.0421902
-0.0743272
0.99964761 -0.01476202 0.02206203
0.01453524 0.99984022 0.01040441
-0.02221210 -0.01008007 0.99970246
0.02106733
85
 0.0499812
-0.0413539
-0.0743704
0.99942461 -0.01350804 0.03111242
0.01421079 0.99964633 -0.02247811
-0.03079778 0.02290730 0.99926310
0.03531459
86
 0.0499546
-0.0411606
-0.0743194
0.99945796 -0.01413198 0.02973325
0.01468795 0.99971978 -0.01856390
-0.02946257 0.01899056 0.99938547
0.02890548
87
 0.0502395
-0.0416535
-0.0742638
0.99973030 -0.01397063 0.01855137
0.01382132 0.99987125 0.00815237
-0.01866288 -0.00789377 0.99979467
0.03802331
88
  0.050266
 -0.041848
-0.0743321
0.99970044 -0.01062863 0.02204698
0.01037684 0.99987999 0.01150370
-0.02216660 -0.01127148 0.99969075
0.02547173
89
 0.0499034
-0.0409149
-0.0742769
0.99924081 -0.01368024 0.03647820
0.01469032 0.99951200 -0.02756717
-0.03608327 0.02808211 0.99895415
0.04946223
90
 0.0497959
-0.0412573
-0.0742282
0.99937665 -0.00851558 0.03426071
0.00857231 0.99996212 -0.00150937
-0.03424655 0.00180213 0.99941179
0.02020404
91
 0.0501064
-0.0416359
-0.0743346
0.99976331 -0.00741054 0.02045478
0.00715271 0.99989441 0.01264923
-0.02054636 -0.01249993 0.99971076
0.04377752
92
 0.0498319
-0.0413613
-0.0743712
0.99937730 -0.01140366 0.03339106
0.01151252 0.99992902 -0.00306957
-0.03335369 0.00345207 0.99943765
0.01863943
93
  0.050502
-0.0420136
-0.0743325
0.99988072 -0.01352417 0.00745941
0.01335320 0.99965738 0.02251260
-0.00776132 -0.02241031 0.99971873
0.05579179
94
 0.0504292
-0.0405655
-0.0744157
0.99947702 -0.02520771 0.02025480
0.02606844 0.99871678 -0.04341917
-0.01913431 0.04392447 0.99885160
0.06380890
95
 0.0504459
-0.0397926
-0.0744649
0.99954176 -0.02006211 0.02266686
0.02119807 0.99847163 -0.05103959
-0.02160825 0.05149670 0.99843937
0.07018174
96
 0.0501624
-0.0390546
-0.0744691
0.99923299 -0.01769733 0.03493200
0.01956434 0.99835738 -0.05384952
-0.03392163 0.05449164 0.99793787
0.06911144
97
 0.0503473
-0.0392864
-0.0743767
0.99943271 -0.02325371 0.02436231
0.02369195 0.99955981 -0.01785689
-0.02393635 0.01842395 0.99954370
0.03904521
98
 0.0503023
-0.0390308
-0.0744217
0.99945939 -0.01952295 0.02645354
0.02003183 0.99961669 -0.01910993
-0.02607032 0.01962951 0.99946737
0.03117622
99
 0.0502635
 -0.038408
-0.0744066
0.99937134 -0.02164245 0.02808069
0.02263386 0.99911398 -0.03548186
-0.02728790 0.03609513 0.99897573
0.04773204
100
 0.0503224
-0.0382712
-0.0744093
0.99953445 -0.01697692 0.02535107
0.01758205 0.99956115 -0.02384076
-0.02493520 0.02427538 0.99939429
0.03760791
