# oST version 5.0 parameters


[image]

width
1280

height
720

[narrow_stereo]

camera matrix
918.970318 0.000000 646.357341
0.000000 918.689835 342.743136
0.000000 0.000000 1.000000

distortion
0.096682 -0.182009 -0.001563 -0.001750 0.000000

rectification
1.000000 0.000000 0.000000
0.000000 1.000000 0.000000
0.000000 0.000000 1.000000

projection
922.971985 0.000000 644.364675 0.000000
0.000000 931.393799 341.913248 0.000000
0.000000 0.000000 1.000000 0.000000
