image_width: 1280
image_height: 720
camera_name: narrow_stereo
camera_matrix:
  rows: 3
  cols: 3
  data: [ 890.68889,    0.     ,  631.27637,
            0.     ,  890.16245,  358.98456,
            0.     ,    0.     ,    1.     ]
camera_model: plumb_bob
distortion_coefficients:
  rows: 1
  cols: 5
  data: [0.109882, -0.194217, -0.001036, 0.003049, 0.000000]
rectification_matrix:
  rows: 3
  cols: 3
  data: [ 1.,  0.,  0.,
          0.,  1.,  0.,
          0.,  0.,  1.]
projection_matrix:
  rows: 3
  cols: 4
  data: [ 895.62897,    0.     ,  634.98561,    0.     ,
            0.     ,  905.94446,  358.42645,    0.     ,
            0.     ,    0.     ,    1.     ,    0.     ]
