# oST version 5.0 parameters


[image]

width
1280

height
720

[narrow_stereo]

camera matrix
890.688890 0.000000 631.276368
0.000000 890.162453 358.984558
0.000000 0.000000 1.000000

distortion
0.109882 -0.194217 -0.001036 0.003049 0.000000

rectification
1.000000 0.000000 0.000000
0.000000 1.000000 0.000000
0.000000 0.000000 1.000000

projection
895.628967 0.000000 634.985609 0.000000
0.000000 905.944458 358.426449 0.000000
0.000000 0.000000 1.000000 0.000000
