1
 0.0827435
 -0.094132
-0.0706244
0.99967339 -0.02397973 0.00883681
0.02349786 0.99841695 0.05110221
-0.01004824 -0.05087787 0.99865433
0.02470274
2
 0.0513689
-0.0811649
-0.0737262
0.99921157 -0.02135883 0.03346709
0.01998738 0.99896777 0.04079097
-0.03430379 -0.04008989 0.99860706
0.02649244
3
 0.0649898
-0.0786047
-0.0735061
0.99954844 -0.02508699 0.01653934
0.02445579 0.99900404 0.03732071
-0.01745914 -0.03689937 0.99916646
0.02620585
4
 0.0613359
-0.0646433
-0.0726403
0.99930954 -0.02833155 0.02403664
0.02796531 0.99948967 0.01543844
-0.02446176 -0.01475559 0.99959186
0.03193509
5
 0.0511071
-0.0438531
 -0.071728
0.99867551 -0.02773678 0.04333474
0.02863552 0.99938462 -0.02025804
-0.04274618 0.02147212 0.99885520
0.04501145
6
 0.0499085
-0.0415344
-0.0717815
0.99869060 -0.03152045 0.04029332
0.03199154 0.99942649 -0.01110069
-0.03992031 0.01237520 0.99912623
0.03822109
7
 0.0489807
-0.0505729
 -0.071699
0.99902486 -0.01924694 0.03973515
0.01829097 0.99953777 0.02428344
-0.04018416 -0.02353296 0.99891513
0.02355920
8
 0.0519625
-0.0427073
-0.0709794
0.99930783 -0.02508289 0.02747213
0.02521357 0.99967231 -0.00442075
-0.02735224 0.00511036 0.99961279
0.03137700
9
 0.0509735
-0.0429169
-0.0717166
0.99916610 -0.02466051 0.03254165
0.02458054 0.99969378 0.00285524
-0.03260209 -0.00205296 0.99946630
0.01699329
10
 0.0509436
-0.0466197
-0.0723204
0.99911616 -0.02628106 0.03280563
0.02561781 0.99946207 0.02047670
-0.03332613 -0.01961820 0.99925197
0.02410635
11
 0.0527315
-0.0447097
-0.0724329
0.99945082 -0.02110352 0.02554790
0.02089446 0.99974621 0.00842266
-0.02571917 -0.00788422 0.99963812
0.01749530
12
 0.0514171
-0.0415726
-0.0726805
0.99923973 -0.01894866 0.03407204
0.01913319 0.99980395 -0.00509777
-0.03396876 0.00574580 0.99940638
0.02359359
13
 0.0472037
-0.0325513
-0.0716461
0.99828844 -0.02273525 0.05388221
0.02510868 0.99872524 -0.04378865
-0.05281798 0.04506661 0.99758672
0.07015557
14
 0.0494842
-0.0325177
-0.0718699
0.99928126 -0.01915564 0.03271124
0.01988143 0.99956008 -0.02200848
-0.03227526 0.02264301 0.99922250
0.03566190
15
 0.0497571
-0.0292185
-0.0720399
0.99932161 -0.01920610 0.03142359
0.02015871 0.99933802 -0.03028446
-0.03082114 0.03089737 0.99904725
0.04684421
16
 0.0501164
-0.0300785
-0.0719242
0.99931318 -0.02136878 0.03027443
0.02167192 0.99971788 -0.00972035
-0.03005817 0.01036978 0.99949436
0.02018584
17
 0.0503521
-0.0257344
-0.0721009
0.99931670 -0.02129378 0.03021097
0.02228985 0.99920590 -0.03302612
-0.02948373 0.03367695 0.99899778
0.04528052
18
 0.0509866
-0.0260433
-0.0720564
0.99952767 -0.01424339 0.02723176
0.01466526 0.99977454 -0.01535559
-0.02700690 0.01574770 0.99951120
0.02909733
19
  0.050844
-0.0254451
-0.0724295
0.99942385 -0.01428308 0.03078910
0.01471524 0.99979572 -0.01385543
-0.03058492 0.01430052 0.99942987
0.02795217
20
 0.0505173
-0.0273777
-0.0725755
0.99925925 -0.01748071 0.03428375
0.01727492 0.99983099 0.00628975
-0.03438791 -0.00569284 0.99939235
0.01877551
21
 0.0484807
-0.0232918
 -0.072332
0.99847053 -0.02576892 0.04891384
0.02733402 0.99912669 -0.03160236
-0.04805676 0.03289104 0.99830292
0.05047976
22
 0.0503921
-0.0258889
-0.0723653
0.99938233 -0.02407587 0.02559904
0.02401070 0.99970764 0.00285038
-0.02566018 -0.00223396 0.99966823
0.02891769
23
 0.0511972
-0.0246606
-0.0724942
0.99933454 -0.02896526 0.02216954
0.02922015 0.99950956 -0.01126121
-0.02183248 0.01190152 0.99969080
0.03153290
24
 0.0529244
 -0.028472
-0.0723497
0.99959247 -0.02575065 0.01232072
0.02540447 0.99929964 0.02747432
-0.01301958 -0.02715012 0.99954658
0.05634621
25
 0.0528115
-0.0319028
-0.0726211
0.99950744 -0.02149902 0.02286176
0.02040705 0.99868784 0.04696974
-0.02384157 -0.04648006 0.99863466
0.06422105
26
 0.0528515
-0.0341309
-0.0728644
0.99935979 -0.02387615 0.02664456
0.02260106 0.99863106 0.04717195
-0.02773437 -0.04653956 0.99853136
0.05873035
27
  0.053185
 -0.035094
-0.0726357
0.99942040 -0.02301474 0.02508351
0.02213450 0.99914837 0.03482233
-0.02586357 -0.03424693 0.99907869
0.04852483
28
 0.0519752
-0.0363352
-0.0724762
0.99894114 -0.02164101 0.04059891
0.02029835 0.99924268 0.03319695
-0.04128658 -0.03233771 0.99862390
0.04083397
29
 0.0524717
-0.0381007
-0.0725259
0.99935572 -0.01721663 0.03149181
0.01600162 0.99913297 0.03843510
-0.03212623 -0.03790642 0.99876474
0.04780053
30
 0.0524211
-0.0377312
-0.0725605
0.99925911 -0.02101605 0.03224224
0.02044116 0.99962798 0.01805728
-0.03260974 -0.01738483 0.99931695
0.02139276
31
 0.0545483
-0.0400292
-0.0725035
0.99973213 -0.02191117 0.00745492
0.02160012 0.99898535 0.03951833
-0.00831325 -0.03934672 0.99919104
0.06202891
32
 0.0539027
-0.0360749
-0.0724493
0.99948444 -0.01914374 0.02577553
0.01976943 0.99951061 -0.02424256
-0.02529883 0.02473963 0.99937376
0.05216136
33
 0.0543226
 -0.035064
-0.0725467
0.99952375 -0.02107546 0.02254099
0.02162194 0.99947131 -0.02428152
-0.02201733 0.02475733 0.99945101
0.03880195
34
 0.0537654
-0.0351605
-0.0727003
0.99916822 -0.02433800 0.03271887
0.02463665 0.99965813 -0.00875587
-0.03249459 0.00955467 0.99942624
0.03251213
35
 0.0537167
-0.0341234
 -0.072558
0.99919521 -0.02458416 0.03169451
0.02513172 0.99953968 -0.01699493
-0.03126212 0.01777779 0.99935311
0.03069409
36
 0.0533912
-0.0325771
-0.0727756
0.99906240 -0.02580253 0.03476431
0.02681727 0.99921827 -0.02904606
-0.03398768 0.02995111 0.99897336
0.04879863
37
 0.0535683
-0.0313805
 -0.072913
0.99928899 -0.02201826 0.03060558
0.02294403 0.99927949 -0.03023379
-0.02991783 0.03091451 0.99907418
0.05469190
38
  0.053842
-0.0319508
-0.0729025
0.99946119 -0.01904455 0.02673275
0.01921977 0.99979535 -0.00631294
-0.02660705 0.00682334 0.99962268
0.02295420
39
 0.0525168
-0.0303732
-0.0729829
0.99857061 -0.02697783 0.04614035
0.02825132 0.99923141 -0.02717444
-0.04537178 0.02843912 0.99856528
0.05160668
40
 0.0527689
-0.0327123
-0.0729229
0.99900017 -0.02691839 0.03569388
0.02612051 0.99940252 0.02263455
-0.03628184 -0.02167958 0.99910641
0.04279485
41
  0.052134
-0.0306382
-0.0728808
0.99875460 -0.02511940 0.04310754
0.02604085 0.99944136 -0.02094867
-0.04255724 0.02204513 0.99885079
0.03644921
42
 0.0520228
-0.0309853
-0.0728957
0.99893379 -0.02455676 0.03909294
0.02476923 0.99968089 -0.00495985
-0.03895867 0.00592286 0.99922327
0.02974026
43
0.0526545
-0.031299
-0.072912
0.99939668 -0.02392772 0.02517407
0.02388420 0.99971267 0.00202823
-0.02521537 -0.00142574 0.99968103
0.02321413
44
 0.0527996
-0.0304373
-0.0729877
0.99934908 -0.02572984 0.02528616
0.02608680 0.99956318 -0.01388983
-0.02491773 0.01454042 0.99958375
0.03559010
45
 0.0535726
-0.0296238
-0.0729596
0.99918939 -0.03755216 0.01450476
0.03787631 0.99902320 -0.02276007
-0.01363590 0.02329101 0.99963573
0.04777299
46
 0.0534251
-0.0295109
-0.0731203
0.99907107 -0.03553459 0.02437810
0.03586926 0.99926623 -0.01343095
-0.02388295 0.01429290 0.99961258
0.03638963
47
 0.0530039
-0.0292383
-0.0732545
0.99910209 -0.02403609 0.03488968
0.02443212 0.99964131 -0.01096909
-0.03461351 0.01181167 0.99933097
0.03440385
48
 0.0528473
-0.0294475
 -0.073472
0.99917936 -0.02080249 0.03475427
0.02088691 0.99977971 -0.00206769
-0.03470360 0.00279190 0.99939375
0.02635586
49
 0.0530006
-0.0301569
-0.0735929
0.99931740 -0.02113118 0.03030189
0.02077529 0.99971201 0.01201169
-0.03054698 -0.01137396 0.99946862
0.03359206
50
 0.0528058
-0.0305348
 -0.073646
0.99915418 -0.02228520 0.03455865
0.02184275 0.99967522 0.01312818
-0.03483999 -0.01236222 0.99931644
0.02749479
51
 0.0524039
-0.0297762
-0.0737147
0.99892995 -0.02397343 0.03955042
0.02432792 0.99966784 -0.00850619
-0.03933336 0.00945927 0.99918137
0.02826665
52
 0.0526144
-0.0287047
-0.0738202
0.99923813 -0.02392816 0.03083190
0.02474875 0.99934204 -0.02651406
-0.03017719 0.02725691 0.99917286
0.03823140
53
 0.0524626
-0.0297878
-0.0737666
0.99914392 -0.02410284 0.03362274
0.02382271 0.99967828 0.00870760
-0.03382180 -0.00789916 0.99939666
0.02376454
54
 0.0522988
-0.0297434
-0.0738029
0.99908966 -0.02364316 0.03550852
0.02355967 0.99971860 0.00276771
-0.03556396 -0.00192862 0.99936554
0.02588456
55
 0.0515636
-0.0292775
 -0.073796
0.99858452 -0.02296780 0.04797334
0.02337473 0.99969525 -0.00793873
-0.04777638 0.00904885 0.99881707
0.03921348
56
 0.0517751
-0.0297724
 -0.073707
0.99906526 -0.02483088 0.03538414
0.02461320 0.99967543 0.00657427
-0.03553590 -0.00569721 0.99935216
0.03281414
57
 0.0516549
 -0.030652
-0.0737148
0.99899973 -0.02601414 0.03637045
0.02521213 0.99943250 0.02233870
-0.03693094 -0.02139938 0.99908867
0.04796729
58
 0.0519034
-0.0316333
-0.0737447
0.99921047 -0.02730981 0.02885514
0.02633025 0.99908176 0.03379875
-0.02975168 -0.03301230 0.99901202
0.05248130
59
 0.0518619
-0.0305201
-0.0737935
0.99918180 -0.02635396 0.03067898
0.02663731 0.99960586 -0.00886420
-0.03043328 0.00967415 0.99948998
0.02591855
60
 0.0520383
-0.0309899
-0.0738583
0.99926773 -0.02705484 0.02705632
0.02691421 0.99962235 0.00554852
-0.02719621 -0.00481626 0.99961851
0.02430783
61
 0.0520385
-0.0305738
-0.0738073
0.99926688 -0.02502370 0.02897441
0.02525701 0.99965123 -0.00771438
-0.02877127 0.00844053 0.99955038
0.02652420
62
 0.0517378
-0.0293324
-0.0738176
0.99895555 -0.02733573 0.03661367
0.02860300 0.99899367 -0.03454736
-0.03563245 0.03555854 0.99873216
0.04900344
63
  0.051048
-0.0282809
-0.0738278
0.99842992 -0.02508814 0.05008269
0.02728961 0.99866894 -0.04376792
-0.04891798 0.04506594 0.99778559
0.06233877
64
 0.0509765
-0.0274074
 -0.073824
0.99888528 -0.02089524 0.04232719
0.02277616 0.99875177 -0.04445386
-0.04134548 0.04536836 0.99811435
0.06284649
65
   0.05106
-0.0300666
-0.0736664
0.99916116 -0.01966880 0.03591829
0.01803854 0.99881683 0.04516141
-0.03676406 -0.04447561 0.99833377
0.06155079
66
 0.0511665
-0.0300238
-0.0735829
0.99926272 -0.02214027 0.03136585
0.02146830 0.99953615 0.02160071
-0.03182955 -0.02091141 0.99927453
0.03272328
67
 0.0514089
-0.0309822
-0.0735957
0.99947770 -0.01939765 0.02584694
0.01846103 0.99918142 0.03599564
-0.02652401 -0.03549968 0.99901764
0.04882157
68
 0.0516356
-0.0315399
  -0.07353
0.99949952 -0.02152141 0.02318494
0.02076065 0.99925387 0.03256838
-0.02386856 -0.03207075 0.99920056
0.04886130
69
 0.0521052
-0.0317926
-0.0735367
0.99970935 -0.01829786 0.01569696
0.01792259 0.99955788 0.02372410
-0.01612412 -0.02343588 0.99959530
0.04180184
70
 0.0519784
-0.0311298
-0.0735189
0.99935764 -0.02394643 0.02666240
0.02410614 0.99969324 -0.00568501
-0.02651808 0.00632409 0.99962833
0.02483910
71
 0.0524842
-0.0323861
-0.0734823
0.99971954 -0.01738053 0.01608591
0.01687688 0.99937895 0.03093343
-0.01661356 -0.03065328 0.99939200
0.05530086
72
 0.0525598
-0.0328942
-0.0734876
0.99957160 -0.01945638 0.02186468
0.01877722 0.99934764 0.03084975
-0.02245064 -0.03042598 0.99928486
0.04314296
73
 0.0521484
-0.0327011
-0.0734917
0.99915117 -0.01782197 0.03713915
0.01742449 0.99978768 0.01099894
-0.03732729 -0.01034248 0.99924957
0.02548857
74
  0.051591
-0.0319071
-0.0735555
0.99857048 -0.01920291 0.04988239
0.02006559 0.99965664 -0.01685137
-0.04954166 0.01782820 0.99861293
0.03886977
75
  0.051412
-0.0314128
-0.0735384
0.99864991 -0.02498351 0.04554323
0.02597797 0.99943395 -0.02137583
-0.04498340 0.02253009 0.99873364
0.04298598
76
 0.0514614
 -0.031767
-0.0735137
0.99907408 -0.02228382 0.03680246
0.02231197 0.99975099 -0.00035422
-0.03678541 0.00117503 0.99932250
0.02213068
77
 0.0518233
-0.0320205
-0.0735579
0.99933318 -0.02711158 0.02445720
0.02692657 0.99960649 0.00786236
-0.02466074 -0.00719856 0.99966996
0.03427963
78
 0.0517644
-0.0322713
-0.0736672
0.99927640 -0.02367116 0.02977184
0.02331279 0.99965222 0.01232705
-0.03005328 -0.01162406 0.99948071
0.04436852
79
   0.05187
-0.0328753
-0.0736103
0.99947270 -0.01647553 0.02798007
0.01576073 0.99954858 0.02557799
-0.02838885 -0.02512352 0.99928118
0.03731632
80
 0.0524087
-0.0326703
-0.0736762
0.99949451 -0.02883488 0.01338938
0.02875367 0.99956718 0.00621850
-0.01356289 -0.00583036 0.99989102
0.04846993
81
 0.0524645
  -0.03319
-0.0736808
0.99955790 -0.02108546 0.02096220
0.02064506 0.99956612 0.02100828
-0.02139607 -0.02056622 0.99955952
0.03428561
82
  0.052229
-0.0321891
-0.0737857
0.99918312 -0.02227672 0.03371710
0.02296540 0.99953262 -0.02017748
-0.03325185 0.02093533 0.99922771
0.04278798
83
 0.0519399
-0.0319175
 -0.073831
0.99889295 -0.02263400 0.04123793
0.02340891 0.99955652 -0.01840618
-0.04080304 0.01935114 0.99897980
0.03145592
84
 0.0522118
-0.0328977
-0.0738238
0.99938207 -0.01959053 0.02918377
0.01891551 0.99955120 0.02322933
-0.02962574 -0.02266295 0.99930411
0.04665465
85
 0.0524758
-0.0337444
-0.0738861
0.99951944 -0.02155840 0.02227388
0.02063465 0.99895010 0.04090114
-0.02313226 -0.04042187 0.99891490
0.05921128
86
 0.0527691
  -0.03393
-0.0738732
0.99937506 -0.03056016 0.01776389
0.03006090 0.99916351 0.02772389
-0.01859628 -0.02717256 0.99945777
0.04439873
87
 0.0531078
-0.0357781
-0.0738428
0.99964107 -0.02305961 0.01363801
0.02191630 0.99665340 0.07875066
-0.01540833 -0.07842350 0.99680105
0.10168411
88
 0.0529437
-0.0357425
-0.0739112
0.99935976 -0.02074303 0.02915120
0.01954644 0.99897817 0.04074986
-0.02996669 -0.04015397 0.99874404
0.05434533
89
 0.0528167
-0.0348467
-0.0738656
0.99913092 -0.02438256 0.03380666
0.02469287 0.99965642 -0.00879210
-0.03358067 0.00961924 0.99938972
0.03940536
90
 0.0532446
-0.0356058
-0.0737873
0.99951280 -0.02583536 0.01751300
0.02540228 0.99937664 0.02451624
-0.01813547 -0.02405942 0.99954602
0.04177892
91
  0.053218
-0.0356431
-0.0737862
0.99933418 -0.02644682 0.02513481
0.02606901 0.99954394 0.01524190
-0.02552645 -0.01457651 0.99956787
0.02868427
92
 0.0531889
-0.0362263
-0.0737751
0.99940395 -0.01898514 0.02883226
0.01810799 0.99937423 0.03038494
-0.02939108 -0.02984473 0.99912234
0.04705844
93
 0.0532182
-0.0364671
-0.0738183
0.99936409 -0.02131162 0.02858741
0.02056693 0.99944786 0.02609539
-0.02912776 -0.02549084 0.99925061
0.03329003
94
 0.0531536
-0.0355757
-0.0738559
0.99914949 -0.02670285 0.03142066
0.02726245 0.99947480 -0.01751823
-0.03093637 0.01835994 0.99935272
0.04160743
95
 0.0531844
 -0.036558
-0.0738498
0.99944118 -0.01332966 0.03065383
0.01238641 0.99945012 0.03075778
-0.03104696 -0.03036090 0.99905671
0.04518382
96
 0.0529146
-0.0354782
-0.0738795
0.99898784 -0.01987847 0.04035017
0.02075455 0.99955533 -0.02141023
-0.03990663 0.02222601 0.99895619
0.05544308
97
 0.0529994
 -0.034762
-0.0739616
0.99927225 -0.01835031 0.03344008
0.01957599 0.99913450 -0.03670196
-0.03273764 0.03732988 0.99876660
0.06581781
98
 0.0529417
-0.0355153
-0.0739798
0.99931743 -0.01253187 0.03475086
0.01211199 0.99985140 0.01226674
-0.03489942 -0.01183746 0.99932072
0.03469203
99
 0.0531833
-0.0358148
 -0.074075
0.99932899 -0.02747893 0.02421717
0.02704906 0.99947378 0.01790272
-0.02469637 -0.01723565 0.99954641
0.03785412
100
 0.0532929
-0.0352281
-0.0740557
0.99935072 -0.02740906 0.02338536
0.02770558 0.99953858 -0.01245095
-0.02303330 0.01309077 0.99964899
0.03782905
