# oST version 5.0 parameters


[image]

width
640

height
480

[camera]

camera matrix
614.137334 0.000000 319.826763
0.000000 611.077303 230.059415
0.000000 0.000000 1.000000

distortion
0.137541 -0.264350 0.002601 -0.007904 0.000000

rectification
1.000000 0.000000 0.000000
0.000000 1.000000 0.000000
0.000000 0.000000 1.000000

projection
625.431213 0.000000 315.843319 0.000000
0.000000 625.630920 230.945416 0.000000
0.000000 0.000000 1.000000 0.000000