1
 0.0282332
-0.0173365
-0.0751723
0.99938741 0.00491644 0.03465015
-0.00464733 0.99995845 -0.00784278
-0.03468727 0.00767694 0.99936873
0.02371240
2
 0.0366799
 -0.005823
-0.0722361
0.99959458 0.00556930 0.02792240
-0.00512955 0.99986208 -0.01579594
-0.02800652 0.01564630 0.99948528
0.02967788
3
 0.0415039
-0.0116255
-0.0722172
0.99974275 0.00121969 0.02264812
-0.00100551 0.99995469 -0.00946571
-0.02265864 0.00944050 0.99969869
0.03861316
4
  0.0474555
0.000198386
  -0.072807
0.99988205 -0.00589668 0.01418139
0.00634158 0.99948253 -0.03153504
-0.01398810 0.03162125 0.99940204
0.03598717
5
 0.0424139
0.00730573
-0.0734308
0.99964783 -0.00073289 0.02652690
0.00181357 0.99916822 -0.04073782
-0.02647498 0.04077158 0.99881768
0.02978222
6
 0.0475512
0.00492429
-0.0746538
0.99989689 0.00181524 0.01424492
-0.00140862 0.99959271 -0.02850311
-0.01429086 0.02848011 0.99949220
0.05450998
7
 0.0485681
0.00629611
-0.0738602
0.99988731 0.00652224 0.01352110
-0.00611100 0.99952411 -0.03023592
-0.01371187 0.03014988 0.99945133
0.02105693
8
 0.0491194
-0.0128232
-0.0734943
0.99983975 0.00955187 0.01514032
-0.01007358 0.99934472 0.03476566
-0.01479832 -0.03491261 0.99928080
0.05966114
9
   0.05007
-0.0178927
-0.0732692
0.99990742 0.00372127 0.01308832
-0.00411769 0.99952955 0.03039273
-0.01296906 -0.03044381 0.99945234
0.05327834
10
 0.0474291
 -0.011437
-0.0728896
0.99966212 0.00588373 0.02531845
-0.00552079 0.99988135 -0.01438112
-0.02540006 0.01423648 0.99957599
0.02957762
11
 0.0470248
-0.0155487
 -0.072735
0.99971049 0.00449318 0.02363800
-0.00463484 0.99997161 0.00594168
-0.02361063 -0.00604952 0.99970293
0.03347921
12
0.0492861
-0.017935
-0.072293
0.99990306 0.00766102 0.01162700
-0.00777914 0.99991825 0.01014824
-0.01154831 -0.01023771 0.99988091
0.04712275
13
 0.0495881
-0.0210438
-0.0724827
0.99985456 0.01031466 0.01358164
-0.01056157 0.99977795 0.01823483
-0.01339053 -0.01837562 0.99974148
0.03448626
14
 0.0494898
-0.0170356
-0.0722934
0.99982494 0.00910974 0.01634312
-0.00885641 0.99984054 -0.01550685
-0.01648177 0.01535940 0.99974619
0.03770703
15
 0.0475138
-0.0173378
-0.0727622
0.99954924 0.00753982 0.02905973
-0.00726666 0.99992853 -0.00949413
-0.02912924 0.00927868 0.99953259
0.03207259
16
 0.0485521
-0.0214399
-0.0731269
0.99981531 0.00202874 0.01911075
-0.00237035 0.99983751 0.01786986
-0.01907139 -0.01791185 0.99965767
0.05196503
17
 0.0478996
-0.0224329
-0.0725817
0.99971333 0.00797780 0.02257439
-0.00832895 0.99984511 0.01550438
-0.02244721 -0.01568795 0.99962494
0.04239575
18
 0.0467301
-0.0213036
-0.0729055
0.99954779 0.00556908 0.02955012
-0.00551152 0.99998275 -0.00202898
-0.02956091 0.00186520 0.99956124
0.02932876
19
 0.0469258
-0.0150105
-0.0726288
0.99971794 -0.00492319 0.02323383
0.00614073 0.99859537 -0.05262676
-0.02294211 0.05275459 0.99834394
0.06600983
20
 0.0478628
-0.0172923
-0.0724829
0.99990019 0.00076078 0.01410759
-0.00059434 0.99993022 -0.01179881
-0.01411558 0.01178924 0.99983087
0.02488705
21
 0.0479014
-0.0176917
-0.0724125
0.99986606 0.00532004 0.01547757
-0.00523380 0.99997058 -0.00560740
-0.01550695 0.00552564 0.99986449
0.02523854
22
 0.0492508
-0.0162023
-0.0724851
0.99997922 -0.00268517 0.00586073
0.00280263 0.99979351 -0.02012672
-0.00580547 0.02014273 0.99978026
0.03987103
23
 0.0492011
-0.0193001
-0.0724778
0.99991141 0.00424069 0.01261696
-0.00443752 0.99986824 0.01561424
-0.01254908 -0.01566885 0.99979848
0.03958506
24
 0.0504084
 -0.019475
-0.0726515
0.99997507 0.00515124 0.00483014
-0.00518352 0.99996415 0.00669504
-0.00479548 -0.00671991 0.99996592
0.04665955
25
 0.0515288
-0.0197284
-0.0727892
0.99996845 0.00787275 0.00105660
-0.00787569 0.99996503 0.00281249
-0.00103442 -0.00282073 0.99999549
0.04619660
26
 0.0512117
-0.0220025
-0.0729805
0.99985826 0.01097568 0.01276696
-0.01127454 0.99965843 0.02357777
-0.01250382 -0.02371837 0.99964048
0.03644522
27
 0.0521519
-0.0261409
-0.0728926
0.99996750 0.00556651 0.00583189
-0.00588998 0.99835677 0.05700055
-0.00550501 -0.05703305 0.99835711
0.07740149
28
  0.052173
-0.0272638
-0.0727684
0.99992416 0.00619406 0.01064476
-0.00662905 0.99912366 0.04132748
-0.01037944 -0.04139491 0.99908895
0.05756168
29
  0.051902
-0.0266128
-0.0727147
0.99984313 0.00805367 0.01577513
-0.00826900 0.99987288 0.01363262
-0.01566334 -0.01376093 0.99978262
0.02813576
30
 0.0521197
-0.0285772
-0.0729325
0.99987154 0.00753844 0.01414459
-0.00797758 0.99947973 0.03125100
-0.01390165 -0.03135983 0.99941148
0.04724355
31
 0.0524561
 -0.029837
-0.0729969
0.99988351 0.01038754 0.01118320
-0.01074846 0.99940701 0.03271240
-0.01083677 -0.03282879 0.99940224
0.04905452
32
 0.0529123
-0.0304779
-0.0732246
0.99994630 0.00711789 0.00753166
-0.00731160 0.99963489 0.02601189
-0.00734376 -0.02606556 0.99963326
0.03585073
33
 0.0529624
-0.0315023
-0.0732122
0.99992274 0.00645963 0.01062021
-0.00676530 0.99955645 0.02900231
-0.01042816 -0.02907191 0.99952292
0.04150713
34
 0.0532905
-0.0322779
-0.0732621
0.99995855 0.00209722 0.00886051
-0.00233719 0.99962839 0.02715924
-0.00880026 -0.02717882 0.99959185
0.04290348
35
 0.0530037
-0.0276282
-0.0730661
0.99987703 -0.00355135 0.01527481
0.00432958 0.99867797 -0.05122071
-0.01507271 0.05128055 0.99857054
0.06980228
36
 0.0524567
-0.0266964
-0.0732631
0.99973000 0.00144858 0.02319128
-0.00053457 0.99922458 -0.03936954
-0.02323032 0.03934651 0.99895556
0.06458193
37
  0.052342
-0.0275638
-0.0732874
0.99978339 0.00321137 0.02056362
-0.00308217 0.99997533 -0.00631168
-0.02058338 0.00624693 0.99976862
0.02650139
38
 0.0523479
-0.0303912
-0.0732207
0.99979570 0.00724990 0.01886774
-0.00804008 0.99907909 0.04214656
-0.01854480 -0.04228965 0.99893327
0.05385699
39
 0.0526202
-0.0298652
-0.0733424
0.99991579 0.00411777 0.01230683
-0.00429359 0.99988862 0.01429397
-0.01224660 -0.01434561 0.99982210
0.02695996
40
 0.0528219
-0.0303568
-0.0734016
0.99993435 0.00286488 0.01109465
-0.00305767 0.99984395 0.01739885
-0.01104307 -0.01743163 0.99978707
0.03297036
41
 0.0520394
-0.0260235
-0.0731202
0.99968679 -0.00378213 0.02473909
0.00533494 0.99799889 -0.06300596
-0.02445128 0.06311821 0.99770648
0.08388246
42
 0.0515839
-0.0254434
-0.0730721
0.99959795 0.00698531 0.02747978
-0.00591192 0.99922367 -0.03895011
-0.02773053 0.03877199 0.99886323
0.05793769
43
 0.0512832
-0.0284768
 -0.073063
0.99956176 0.00757401 0.02861692
-0.00856921 0.99935701 0.03481565
-0.02833483 -0.03504561 0.99898396
0.05173148
44
 0.0513732
-0.0277339
-0.0730976
0.99976371 0.00519503 0.02110782
-0.00530469 0.99997271 0.00514271
-0.02108053 -0.00525347 0.99976398
0.03461864
45
 0.0520635
-0.0298778
-0.0731104
0.99996050 0.00513190 0.00725709
-0.00543183 0.99910571 0.04193181
-0.00703541 -0.04196958 0.99909412
0.05886492
46
 0.0524041
-0.0286784
-0.0731648
0.99997236 -0.00506019 0.00544762
0.00506468 0.99998684 -0.00081202
-0.00544344 0.00083959 0.99998483
0.04738453
47
 0.0529888
-0.0300363
-0.0732754
0.99998598 -0.00529293 0.00017221
0.00528677 0.99965655 0.02566784
-0.00030801 -0.02566657 0.99967051
0.04506847
48
 0.0528004
-0.0304758
-0.0732213
0.99992686 0.00215333 0.01190134
-0.00243766 0.99971073 0.02392726
-0.01184637 -0.02395453 0.99964286
0.04071870
49
 0.0527705
-0.0277502
-0.0730283
0.99988131 -0.00664577 0.01389947
0.00724019 0.99904186 -0.04316192
-0.01359931 0.04325743 0.99897140
0.06445352
50
 0.0524952
 -0.027226
-0.0730639
0.99979195 -0.00199964 0.02029932
0.00263048 0.99951287 -0.03109832
-0.02022725 0.03114525 0.99931018
0.05133894
51
   0.05259
-0.0271794
-0.0729845
0.99986376 0.00388295 0.01604348
-0.00362682 0.99986600 -0.01596327
-0.01610331 0.01590291 0.99974386
0.03281991
52
 0.0523466
-0.0265803
-0.0730419
0.99979944 -0.00034898 0.02002369
0.00076212 0.99978692 -0.02062856
-0.02001222 0.02063968 0.99958667
0.03940336
53
 0.0524113
 -0.026549
-0.0730607
0.99984054 0.00245726 0.01768761
-0.00227424 0.99994374 -0.01036029
-0.01771208 0.01031841 0.99978988
0.03665493
54
 0.0527506
-0.0262198
 -0.073166
0.99995161 -0.00434319 0.00882701
0.00446162 0.99989970 -0.01344189
-0.00876775 0.01348062 0.99987069
0.03250915
55
 0.0527967
-0.0254129
 -0.073196
0.99993691 -0.00209538 0.01103548
0.00236079 0.99970696 -0.02409195
-0.01098176 0.02411648 0.99964884
0.03590239
56
 0.0529331
-0.0256968
-0.0731305
0.99994635 -0.00316257 0.00986434
0.00322460 0.99997509 -0.00627919
-0.00984424 0.00631067 0.99993163
0.02406116
57
 0.0533349
-0.0278597
-0.0731114
0.99998781 0.00313906 0.00381090
-0.00331160 0.99892911 0.04614833
-0.00366196 -0.04616039 0.99892733
0.06503724
58
 0.0531903
-0.0274466
-0.0732398
0.99991567 0.00086436 0.01295810
-0.00103324 0.99991455 0.01303176
-0.01294573 -0.01304405 0.99983112
0.03396212
59
 0.0525475
 -0.027406
-0.0732226
0.99957215 0.00581841 0.02866475
-0.00601717 0.99995842 0.00685273
-0.02862369 -0.00702228 0.99956559
0.02925537
60
 0.0529985
-0.0273716
-0.0732718
0.99990556 0.00862732 0.01069765
-0.00866599 0.99995607 0.00357326
-0.01066635 -0.00366563 0.99993639
0.01808211
61
  0.052959
-0.0283298
 -0.073274
0.99983902 0.01109731 0.01409913
-0.01146596 0.99958724 0.02634147
-0.01380100 -0.02649889 0.99955357
0.03409923
62
 0.0525868
-0.0297876
-0.0733785
0.99966451 0.00467931 0.02547487
-0.00599749 0.99863343 0.05191629
-0.02519712 -0.05205166 0.99832646
0.07123004
63
 0.0522776
-0.0289438
-0.0733062
0.99961532 -0.00158825 0.02768906
0.00143428 0.99998341 0.00557963
-0.02769747 -0.00553777 0.99960101
0.03175021
64
 0.0523311
-0.0305167
-0.0733286
0.99977021 0.00191810 0.02135066
-0.00288001 0.99897771 0.04511374
-0.02124230 -0.04516486 0.99875367
0.05661251
65
 0.0522832
-0.0308185
-0.0734005
0.99979386 -0.00286855 0.02010018
0.00223001 0.99949435 0.03171874
-0.02018101 -0.03166737 0.99929470
0.04759188
66
 0.0521751
-0.0313846
-0.0735884
0.99975845 0.00312259 0.02175534
-0.00382926 0.99946384 0.03251714
-0.02164214 -0.03259259 0.99923438
0.05415368
67
 0.0522073
-0.0325058
-0.0736198
0.99981275 0.00448542 0.01882396
-0.00542759 0.99871925 0.05030308
-0.01857422 -0.05039583 0.99855659
0.06206396
68
 0.0522332
-0.0321733
-0.0735986
0.99982544 0.00878346 0.01649049
-0.00909562 0.99977903 0.01895134
-0.01632039 -0.01909803 0.99968441
0.02725069
69
  0.052616
 -0.032592
-0.0736791
0.99995038 0.00757071 0.00647548
-0.00772116 0.99969326 0.02353224
-0.00629533 -0.02358107 0.99970211
0.04857796
70
 0.0527361
-0.0329646
-0.0737531
0.99994192 0.00832245 0.00684798
-0.00849078 0.99965314 0.02492995
-0.00663813 -0.02498665 0.99966575
0.03408471
71
 0.0527282
-0.0329736
-0.0737763
0.99991252 0.00698819 0.01123020
-0.00716012 0.99985665 0.01534337
-0.01112136 -0.01542244 0.99981922
0.02626524
72
 0.0525095
-0.0318496
-0.0737712
0.99982019 -0.00259674 0.01878404
0.00304054 0.99971598 -0.02363704
-0.01871732 0.02368991 0.99954412
0.04111127
73
 0.0522428
-0.0318062
-0.0738387
0.99969003 0.00440331 0.02450425
-0.00414376 0.99993488 -0.01063285
-0.02454947 0.01052802 0.99964318
0.03321769
74
 0.0521384
-0.0302561
-0.0737867
0.99973640 -0.00397127 0.02261324
0.00512809 0.99866855 -0.05133051
-0.02237928 0.05143294 0.99842567
0.07733764
75
 0.0522959
 -0.030822
-0.0738259
0.99989010 0.00256307 0.01460196
-0.00247035 0.99997670 -0.00636418
-0.01461793 0.00632741 0.99987313
0.03017332
76
 0.0521213
-0.0307532
-0.0737778
0.99978773 0.00134205 0.02055975
-0.00127546 0.99999390 -0.00325133
-0.02056399 0.00322442 0.99978334
0.03328742
77
 0.0520263
-0.0297952
-0.0738489
0.99977908 -0.00273285 0.02084041
0.00337346 0.99952094 -0.03076552
-0.02074635 0.03082903 0.99930934
0.04757610
78
 0.0516857
-0.0288408
-0.0738682
0.99958475 0.00307623 0.02865075
-0.00182584 0.99904885 -0.04356667
-0.02875752 0.04349626 0.99863961
0.06314745
79
 0.0521887
-0.0281694
-0.0738802
0.99996988 0.00024146 0.00775765
0.00009471 0.99906191 -0.04330454
-0.00776083 0.04330397 0.99903180
0.06632368
80
 0.0525472
-0.0287303
-0.0738982
0.99999791 0.00174137 0.00107512
-0.00173893 0.99999590 -0.00227333
-0.00107907 0.00227145 0.99999684
0.04264965
81
  0.052766
-0.0284826
-0.0738972
0.99999318 0.00328024 0.00169831
-0.00326763 0.99996744 -0.00737814
-0.00172245 0.00737254 0.99997134
0.03298948
82
 0.0528517
-0.0286377
-0.0739252
0.99994931 0.00829021 0.00571361
-0.00830596 0.99996175 0.00273868
-0.00569068 -0.00278600 0.99997993
0.02791567
83
 0.0529045
-0.0272171
-0.0738577
0.99995184 -0.00514724 0.00835618
0.00553921 0.99885190 -0.04758362
-0.00810167 0.04762761 0.99883230
0.06828251
84
 0.0529134
 -0.026402
-0.0738775
0.99993387 -0.00011525 0.01149963
0.00069736 0.99871728 -0.05062917
-0.01147904 0.05063384 0.99865131
0.06966254
85
 0.0531516
 -0.027109
-0.0738512
0.99998270 0.00229924 0.00541458
-0.00229854 0.99999735 -0.00013438
-0.00541487 0.00012193 0.99998533
0.02661518
86
 0.0532708
-0.0272676
-0.0738102
0.99995977 0.00638984 0.00629478
-0.00643045 0.99995851 0.00645150
-0.00625329 -0.00649172 0.99995938
0.03072208
87
 0.0537686
-0.0282796
-0.0738423
0.99998080 0.00219071 -0.00579607
-0.00196569 0.99925483 0.03854763
0.00587620 -0.03853550 0.99923995
0.06242067
88
 0.0535234
-0.0285308
-0.0738965
0.99990295 0.00629368 0.01242917
-0.00665550 0.99954888 0.02928716
-0.01223924 -0.02936704 0.99949376
0.03913322
89
 0.0537559
-0.0284108
-0.0739262
0.99997239 0.00509515 0.00540979
-0.00516318 0.99990681 0.01263770
-0.00534490 -0.01266528 0.99990551
0.03076579
90
 0.0540329
-0.0276623
-0.0739323
0.99997912 0.00610244 0.00212457
-0.00605896 0.99978353 -0.01990427
-0.00224557 0.01989098 0.99979963
0.06451537
91
 0.0542906
-0.0282099
-0.0739416
0.99997131 0.00746864 -0.00126661
-0.00745387 0.99990850 0.01128885
0.00135081 -0.01127908 0.99993548
0.02899120
92
 0.0545294
-0.0288939
-0.0739622
0.99997692 0.00649556 -0.00199348
-0.00642777 0.99945711 0.03231350
0.00220230 -0.03229994 0.99947579
0.05098585
93
 0.0542977
-0.0287121
-0.0739559
0.99987791 0.00692323 0.01400802
-0.00707388 0.99991737 0.01073357
-0.01393255 -0.01083135 0.99984427
0.02011674
94
 0.0544227
 -0.029377
-0.0739427
0.99993041 0.00609694 0.01009991
-0.00640991 0.99949103 0.03125042
-0.00990424 -0.03131298 0.99946056
0.04831271
95
 0.0543965
-0.0282431
-0.0739138
0.99992245 -0.00221914 0.01225398
0.00255260 0.99962501 -0.02726393
-0.01218888 0.02729310 0.99955316
0.05100104
96
 0.0544042
-0.0288029
 -0.073919
0.99991037 0.00320044 0.01300042
-0.00332878 0.99994582 0.00986257
-0.01296815 -0.00990496 0.99986685
0.02506946
97
 0.0544096
-0.0288781
-0.0739041
0.99991409 0.00119889 0.01305294
-0.00132382 0.99995336 0.00956651
-0.01304086 -0.00958297 0.99986904
0.02716289
98
 0.0543019
 -0.028084
-0.0739194
0.99984801 0.00041448 0.01742944
0.00003713 0.99966446 -0.02590282
-0.01743433 0.02589953 0.99951251
0.04180563
99
 0.0544652
-0.0278391
-0.0739423
0.99993485 0.00575695 0.00985703
-0.00554215 0.99974954 -0.02168274
-0.00997938 0.02162670 0.99971631
0.04373848
100
 0.0543754
-0.0286391
-0.0739404
0.99983629 0.00792149 0.01626808
-0.00827923 0.99972277 0.02204170
-0.01608897 -0.02217278 0.99962469
0.04710591
